"created","id_sensor","type","unit","value"
"2020-07-01T00:00:13.000Z","thermometer","temperature_min","°C",17.13
"2020-07-01T00:05:14.000Z","thermometer","temperature_min","°C",17.18
"2020-07-01T00:10:13.000Z","thermometer","temperature_min","°C",17.03
"2020-07-01T00:15:15.000Z","thermometer","temperature_min","°C",16.9
"2020-07-01T00:20:13.000Z","thermometer","temperature_min","°C",16.8
"2020-07-01T00:25:13.000Z","thermometer","temperature_min","°C",16.77
"2020-07-01T00:30:28.000Z","thermometer","temperature_min","°C",16.79
"2020-07-01T00:35:15.000Z","thermometer","temperature_min","°C",16.8
"2020-07-01T00:40:13.000Z","thermometer","temperature_min","°C",16.84
"2020-07-01T00:45:13.000Z","thermometer","temperature_min","°C",16.9
"2020-07-01T00:50:14.000Z","thermometer","temperature_min","°C",17
"2020-07-01T00:55:13.000Z","thermometer","temperature_min","°C",17.04
"2020-07-01T01:00:14.000Z","thermometer","temperature_min","°C",17.06
"2020-07-01T01:05:14.000Z","thermometer","temperature_min","°C",17.06
"2020-07-01T01:10:13.000Z","thermometer","temperature_min","°C",17.16
"2020-07-01T01:15:14.000Z","thermometer","temperature_min","°C",17.15
"2020-07-01T01:20:13.000Z","thermometer","temperature_min","°C",17.05
"2020-07-01T01:25:15.000Z","thermometer","temperature_min","°C",16.96
"2020-07-01T01:30:12.000Z","thermometer","temperature_min","°C",16.77
"2020-07-01T01:35:14.000Z","thermometer","temperature_min","°C",16.49
"2020-07-01T01:40:13.000Z","thermometer","temperature_min","°C",16.5
"2020-07-01T01:45:15.000Z","thermometer","temperature_min","°C",16.52
"2020-07-01T01:50:13.000Z","thermometer","temperature_min","°C",16.36
"2020-07-01T01:55:13.000Z","thermometer","temperature_min","°C",16.37
"2020-07-01T02:00:14.000Z","thermometer","temperature_min","°C",16.34
"2020-07-01T02:05:13.000Z","thermometer","temperature_min","°C",16.52
"2020-07-01T02:10:14.000Z","thermometer","temperature_min","°C",16.48
"2020-07-01T02:15:13.000Z","thermometer","temperature_min","°C",16.48
"2020-07-01T02:20:15.000Z","thermometer","temperature_min","°C",16.5
"2020-07-01T02:25:13.000Z","thermometer","temperature_min","°C",16.52
"2020-07-01T02:30:13.000Z","thermometer","temperature_min","°C",16.5
"2020-07-01T02:35:14.000Z","thermometer","temperature_min","°C",16.52
"2020-07-01T02:40:15.000Z","thermometer","temperature_min","°C",16.65
"2020-07-01T02:45:15.000Z","thermometer","temperature_min","°C",16.9
"2020-07-01T02:50:12.000Z","thermometer","temperature_min","°C",17.24
"2020-07-01T02:55:15.000Z","thermometer","temperature_min","°C",17.5
"2020-07-01T03:00:12.000Z","thermometer","temperature_min","°C",17.6
"2020-07-01T03:05:15.000Z","thermometer","temperature_min","°C",17.6
"2020-07-01T03:10:28.000Z","thermometer","temperature_min","°C",17.72
"2020-07-01T03:15:14.000Z","thermometer","temperature_min","°C",17.89
"2020-07-01T03:20:13.000Z","thermometer","temperature_min","°C",17.88
"2020-07-01T03:25:13.000Z","thermometer","temperature_min","°C",17.86
"2020-07-01T03:30:15.000Z","thermometer","temperature_min","°C",17.73
"2020-07-01T03:35:12.000Z","thermometer","temperature_min","°C",17.69
"2020-07-01T03:40:15.000Z","thermometer","temperature_min","°C",17.62
"2020-07-01T03:45:13.000Z","thermometer","temperature_min","°C",17.6
"2020-07-01T03:50:13.000Z","thermometer","temperature_min","°C",17.58
"2020-07-01T03:55:14.000Z","thermometer","temperature_min","°C",17.42
"2020-07-01T04:00:13.000Z","thermometer","temperature_min","°C",17.37
"2020-07-01T04:05:14.000Z","thermometer","temperature_min","°C",17.41
"2020-07-01T04:10:13.000Z","thermometer","temperature_min","°C",17.47
"2020-07-01T04:15:14.000Z","thermometer","temperature_min","°C",17.49
"2020-07-01T04:20:13.000Z","thermometer","temperature_min","°C",17.5
"2020-07-01T04:25:15.000Z","thermometer","temperature_min","°C",17.58
"2020-07-01T04:30:13.000Z","thermometer","temperature_min","°C",17.72
"2020-07-01T04:35:13.000Z","thermometer","temperature_min","°C",17.87
"2020-07-01T04:40:15.000Z","thermometer","temperature_min","°C",18.08
"2020-07-01T04:45:13.000Z","thermometer","temperature_min","°C",18.46
"2020-07-01T04:50:13.000Z","thermometer","temperature_min","°C",18.66
"2020-07-01T04:55:14.000Z","thermometer","temperature_min","°C",18.8
"2020-07-01T05:00:13.000Z","thermometer","temperature_min","°C",18.9
"2020-07-01T05:05:15.000Z","thermometer","temperature_min","°C",19.32
"2020-07-01T05:10:13.000Z","thermometer","temperature_min","°C",19.44
"2020-07-01T05:15:13.000Z","thermometer","temperature_min","°C",19.74
"2020-07-01T05:20:13.000Z","thermometer","temperature_min","°C",19.98
"2020-07-01T05:25:14.000Z","thermometer","temperature_min","°C",20.52
"2020-07-01T05:30:14.000Z","thermometer","temperature_min","°C",20.41
"2020-07-01T05:35:13.000Z","thermometer","temperature_min","°C",21.24
"2020-07-01T05:40:14.000Z","thermometer","temperature_min","°C",21.46
"2020-07-01T05:45:13.000Z","thermometer","temperature_min","°C",21.4
"2020-07-01T05:50:15.000Z","thermometer","temperature_min","°C",21.41
"2020-07-01T05:55:13.000Z","thermometer","temperature_min","°C",21.82
"2020-07-01T06:00:13.000Z","thermometer","temperature_min","°C",22.18
"2020-07-01T06:05:13.000Z","thermometer","temperature_min","°C",22.04
"2020-07-01T06:10:15.000Z","thermometer","temperature_min","°C",21.98
"2020-07-01T06:15:13.000Z","thermometer","temperature_min","°C",22.21
"2020-07-01T06:20:13.000Z","thermometer","temperature_min","°C",22.08
"2020-07-01T06:25:31.000Z","thermometer","temperature_min","°C",22.37
"2020-07-01T06:30:12.000Z","thermometer","temperature_min","°C",23.24
"2020-07-01T06:35:14.000Z","thermometer","temperature_min","°C",23.91
"2020-07-01T06:40:13.000Z","thermometer","temperature_min","°C",24.34
"2020-07-01T06:45:15.000Z","thermometer","temperature_min","°C",24.4
"2020-07-01T06:50:14.000Z","thermometer","temperature_min","°C",24.26
"2020-07-01T06:55:12.000Z","thermometer","temperature_min","°C",24.96
"2020-07-01T07:00:13.000Z","thermometer","temperature_min","°C",24.9
"2020-07-01T07:05:14.000Z","thermometer","temperature_min","°C",24.87
"2020-07-01T07:10:14.000Z","thermometer","temperature_min","°C",24.33
"2020-07-01T07:15:16.000Z","thermometer","temperature_min","°C",24.8
"2020-07-01T07:20:13.000Z","thermometer","temperature_min","°C",24.84
"2020-07-01T07:25:13.000Z","thermometer","temperature_min","°C",25.15
"2020-07-01T07:30:16.000Z","thermometer","temperature_min","°C",25.94
"2020-07-01T07:35:23.000Z","thermometer","temperature_min","°C",25.26
"2020-07-01T07:40:12.000Z","thermometer","temperature_min","°C",25.93
"2020-07-01T07:45:14.000Z","thermometer","temperature_min","°C",26.26
"2020-07-01T07:45:14.000Z","thermometer","temperature_min","°C",26.26
"2020-07-01T07:50:13.000Z","thermometer","temperature_min","°C",26.55
"2020-07-01T07:55:31.000Z","thermometer","temperature_min","°C",26.56
"2020-07-01T08:00:12.000Z","thermometer","temperature_min","°C",26.09
"2020-07-01T08:05:15.000Z","thermometer","temperature_min","°C",25.99
"2020-07-01T08:10:13.000Z","thermometer","temperature_min","°C",25.96
"2020-07-01T08:15:13.000Z","thermometer","temperature_min","°C",26.75
"2020-07-01T08:20:14.000Z","thermometer","temperature_min","°C",27.1
"2020-07-01T08:25:13.000Z","thermometer","temperature_min","°C",27.21
"2020-07-01T08:30:14.000Z","thermometer","temperature_min","°C",27.15
"2020-07-01T08:35:13.000Z","thermometer","temperature_min","°C",27.16
"2020-07-01T08:40:19.000Z","thermometer","temperature_min","°C",27.86
"2020-07-01T08:45:15.000Z","thermometer","temperature_min","°C",28.28
"2020-07-01T08:50:13.000Z","thermometer","temperature_min","°C",27.34
"2020-07-01T08:55:13.000Z","thermometer","temperature_min","°C",27.42
"2020-07-01T09:05:13.000Z","thermometer","temperature_min","°C",27.78
"2020-07-01T09:10:13.000Z","thermometer","temperature_min","°C",28.12
"2020-07-01T09:15:28.000Z","thermometer","temperature_min","°C",29.28
"2020-07-01T09:20:15.000Z","thermometer","temperature_min","°C",29.31
"2020-07-01T09:25:13.000Z","thermometer","temperature_min","°C",28.46
"2020-07-01T09:30:13.000Z","thermometer","temperature_min","°C",28.44
"2020-07-01T09:35:14.000Z","thermometer","temperature_min","°C",28.7
"2020-07-01T09:40:15.000Z","thermometer","temperature_min","°C",29.29
"2020-07-01T09:45:12.000Z","thermometer","temperature_min","°C",28.93
"2020-07-01T09:50:14.000Z","thermometer","temperature_min","°C",29.12
"2020-07-01T09:55:13.000Z","thermometer","temperature_min","°C",29.46
"2020-07-01T10:00:15.000Z","thermometer","temperature_min","°C",29.63
"2020-07-01T10:05:12.000Z","thermometer","temperature_min","°C",29.52
"2020-07-01T10:10:14.000Z","thermometer","temperature_min","°C",29.66
"2020-07-01T10:15:13.000Z","thermometer","temperature_min","°C",28.94
"2020-07-01T10:20:14.000Z","thermometer","temperature_min","°C",28.66
"2020-07-01T10:25:14.000Z","thermometer","temperature_min","°C",29.42
"2020-07-01T10:30:13.000Z","thermometer","temperature_min","°C",29.65
"2020-07-01T10:35:15.000Z","thermometer","temperature_min","°C",29.88
"2020-07-01T10:40:13.000Z","thermometer","temperature_min","°C",29.93
"2020-07-01T10:45:13.000Z","thermometer","temperature_min","°C",29.96
"2020-07-01T10:50:13.000Z","thermometer","temperature_min","°C",29.46
"2020-07-01T10:55:16.000Z","thermometer","temperature_min","°C",29.53
"2020-07-01T11:00:14.000Z","thermometer","temperature_min","°C",30.52
"2020-07-01T11:05:13.000Z","thermometer","temperature_min","°C",30.41
"2020-07-01T11:10:14.000Z","thermometer","temperature_min","°C",29.94
"2020-07-01T11:15:13.000Z","thermometer","temperature_min","°C",30.37
"2020-07-01T11:20:31.000Z","thermometer","temperature_min","°C",30.15
"2020-07-01T11:25:12.000Z","thermometer","temperature_min","°C",30.36
"2020-07-01T11:30:14.000Z","thermometer","temperature_min","°C",30.38
"2020-07-01T11:35:13.000Z","thermometer","temperature_min","°C",30.28
"2020-07-01T11:40:14.000Z","thermometer","temperature_min","°C",30.49
"2020-07-01T11:45:14.000Z","thermometer","temperature_min","°C",30.62
"2020-07-01T11:50:13.000Z","thermometer","temperature_min","°C",30.7
"2020-07-01T11:55:14.000Z","thermometer","temperature_min","°C",30.83
"2020-07-01T12:00:13.000Z","thermometer","temperature_min","°C",30.98
"2020-07-01T12:05:15.000Z","thermometer","temperature_min","°C",30.85
"2020-07-01T12:10:13.000Z","thermometer","temperature_min","°C",30.28
"2020-07-01T12:15:12.000Z","thermometer","temperature_min","°C",30.64
"2020-07-01T12:20:14.000Z","thermometer","temperature_min","°C",30.78
"2020-07-01T12:25:14.000Z","thermometer","temperature_min","°C",31.2
"2020-07-01T12:30:14.000Z","thermometer","temperature_min","°C",31.23
"2020-07-01T12:35:13.000Z","thermometer","temperature_min","°C",31.28
"2020-07-01T12:40:22.000Z","thermometer","temperature_min","°C",31.38
"2020-07-01T12:45:13.000Z","thermometer","temperature_min","°C",30.97
"2020-07-01T12:50:14.000Z","thermometer","temperature_min","°C",31.1
"2020-07-01T12:55:13.000Z","thermometer","temperature_min","°C",31.51
"2020-07-01T13:00:15.000Z","thermometer","temperature_min","°C",31.5
"2020-07-01T13:05:13.000Z","thermometer","temperature_min","°C",31.33
"2020-07-01T13:10:13.000Z","thermometer","temperature_min","°C",31.41
"2020-07-01T13:15:13.000Z","thermometer","temperature_min","°C",31.64
"2020-07-01T13:20:14.000Z","thermometer","temperature_min","°C",31.53
"2020-07-01T13:25:28.000Z","thermometer","temperature_min","°C",31.28
"2020-07-01T13:30:15.000Z","thermometer","temperature_min","°C",31.7
"2020-07-01T13:35:13.000Z","thermometer","temperature_min","°C",31.68
"2020-07-01T13:40:13.000Z","thermometer","temperature_min","°C",31.83
"2020-07-01T13:45:14.000Z","thermometer","temperature_min","°C",31.79
"2020-07-01T13:50:14.000Z","thermometer","temperature_min","°C",31.54
"2020-07-01T13:55:13.000Z","thermometer","temperature_min","°C",31.62
"2020-07-01T14:00:14.000Z","thermometer","temperature_min","°C",31.76
"2020-07-01T14:00:14.000Z","thermometer","temperature_min","°C",31.76
"2020-07-01T14:00:14.000Z","thermometer","temperature_min","°C",31.76
"2020-07-01T14:05:13.000Z","thermometer","temperature_min","°C",31.67
"2020-07-01T14:10:14.000Z","thermometer","temperature_min","°C",31.38
"2020-07-01T14:15:13.000Z","thermometer","temperature_min","°C",31.76
"2020-07-01T14:20:15.000Z","thermometer","temperature_min","°C",31.63
"2020-07-01T14:25:13.000Z","thermometer","temperature_min","°C",31.5
"2020-07-01T14:30:13.000Z","thermometer","temperature_min","°C",31.57
"2020-07-01T14:35:15.000Z","thermometer","temperature_min","°C",31.51
"2020-07-01T14:40:12.000Z","thermometer","temperature_min","°C",31.16
"2020-07-01T14:45:15.000Z","thermometer","temperature_min","°C",30.99
"2020-07-01T14:50:13.000Z","thermometer","temperature_min","°C",30.96
"2020-07-01T14:55:13.000Z","thermometer","temperature_min","°C",31.03
"2020-07-01T14:55:13.000Z","thermometer","temperature_min","°C",31.03
"2020-07-01T15:00:13.000Z","thermometer","temperature_min","°C",30.96
"2020-07-01T15:05:14.000Z","thermometer","temperature_min","°C",31.07
"2020-07-01T15:10:13.000Z","thermometer","temperature_min","°C",31.01
"2020-07-01T15:15:14.000Z","thermometer","temperature_min","°C",30.47
"2020-07-01T15:20:13.000Z","thermometer","temperature_min","°C",30.58
"2020-07-01T15:25:14.000Z","thermometer","temperature_min","°C",30.34
"2020-07-01T15:30:13.000Z","thermometer","temperature_min","°C",30.02
"2020-07-01T15:35:15.000Z","thermometer","temperature_min","°C",30.07
"2020-07-01T15:40:12.000Z","thermometer","temperature_min","°C",30.13
"2020-07-01T15:45:14.000Z","thermometer","temperature_min","°C",29.95
"2020-07-01T15:50:14.000Z","thermometer","temperature_min","°C",29.66
"2020-07-01T16:00:25.000Z","thermometer","temperature_min","°C",29.49
"2020-07-01T16:05:13.000Z","thermometer","temperature_min","°C",29.16
"2020-07-01T16:10:13.000Z","thermometer","temperature_min","°C",29.24
"2020-07-01T16:15:22.000Z","thermometer","temperature_min","°C",29.15
"2020-07-01T16:20:31.000Z","thermometer","temperature_min","°C",28.65
"2020-07-01T16:25:12.000Z","thermometer","temperature_min","°C",28.57
"2020-07-01T16:35:12.000Z","thermometer","temperature_min","°C",28.62
"2020-07-01T16:40:13.000Z","thermometer","temperature_min","°C",28.35
"2020-07-01T16:45:14.000Z","thermometer","temperature_min","°C",27.9
"2020-07-01T16:45:14.000Z","thermometer","temperature_min","°C",27.9
"2020-07-01T16:50:13.000Z","thermometer","temperature_min","°C",27.8
"2020-07-01T16:55:23.000Z","thermometer","temperature_min","°C",27.68
"2020-07-01T17:00:13.000Z","thermometer","temperature_min","°C",27.52
"2020-07-01T17:05:19.000Z","thermometer","temperature_min","°C",27.35
"2020-07-01T17:10:14.000Z","thermometer","temperature_min","°C",27.32
"2020-07-01T17:20:13.000Z","thermometer","temperature_min","°C",26.85
"2020-07-01T17:25:14.000Z","thermometer","temperature_min","°C",25.91
"2020-07-01T17:30:31.000Z","thermometer","temperature_min","°C",25.52
"2020-07-01T17:35:13.000Z","thermometer","temperature_min","°C",25.56
"2020-07-01T17:40:14.000Z","thermometer","temperature_min","°C",25.4
"2020-07-01T17:45:13.000Z","thermometer","temperature_min","°C",25.45
"2020-07-01T17:50:14.000Z","thermometer","temperature_min","°C",25.68
"2020-07-01T17:55:13.000Z","thermometer","temperature_min","°C",25.64
"2020-07-01T17:55:13.000Z","thermometer","temperature_min","°C",25.64
"2020-07-01T18:00:14.000Z","thermometer","temperature_min","°C",25.47
"2020-07-01T18:00:14.000Z","thermometer","temperature_min","°C",25.47
"2020-07-01T18:05:13.000Z","thermometer","temperature_min","°C",25.11
"2020-07-01T18:10:14.000Z","thermometer","temperature_min","°C",24.75
"2020-07-01T18:15:14.000Z","thermometer","temperature_min","°C",24.59
"2020-07-01T18:20:13.000Z","thermometer","temperature_min","°C",24.21
"2020-07-01T18:25:13.000Z","thermometer","temperature_min","°C",23.92
"2020-07-01T18:30:14.000Z","thermometer","temperature_min","°C",23.68
"2020-07-01T18:35:13.000Z","thermometer","temperature_min","°C",23.39
"2020-07-01T18:40:15.000Z","thermometer","temperature_min","°C",23.08
"2020-07-01T18:45:13.000Z","thermometer","temperature_min","°C",22.86
"2020-07-01T18:50:14.000Z","thermometer","temperature_min","°C",22.7
"2020-07-01T18:55:13.000Z","thermometer","temperature_min","°C",22.46
"2020-07-01T19:00:31.000Z","thermometer","temperature_min","°C",22.29
"2020-07-01T19:05:12.000Z","thermometer","temperature_min","°C",22.01
"2020-07-01T19:10:13.000Z","thermometer","temperature_min","°C",21.66
"2020-07-01T19:15:14.000Z","thermometer","temperature_min","°C",21.42
"2020-07-01T19:20:15.000Z","thermometer","temperature_min","°C",21.2
"2020-07-01T19:25:13.000Z","thermometer","temperature_min","°C",21.05
"2020-07-01T19:30:13.000Z","thermometer","temperature_min","°C",21.01
"2020-07-01T19:35:14.000Z","thermometer","temperature_min","°C",20.96
"2020-07-01T19:40:13.000Z","thermometer","temperature_min","°C",20.82
"2020-07-01T19:45:14.000Z","thermometer","temperature_min","°C",20.62
"2020-07-01T19:50:13.000Z","thermometer","temperature_min","°C",20.48
"2020-07-01T19:55:14.000Z","thermometer","temperature_min","°C",20.18
"2020-07-01T20:00:14.000Z","thermometer","temperature_min","°C",19.9
"2020-07-01T20:05:13.000Z","thermometer","temperature_min","°C",19.7
"2020-07-01T20:10:13.000Z","thermometer","temperature_min","°C",19.51
"2020-07-01T20:15:14.000Z","thermometer","temperature_min","°C",19.29
"2020-07-01T20:20:14.000Z","thermometer","temperature_min","°C",19.07
"2020-07-01T20:25:13.000Z","thermometer","temperature_min","°C",18.91
"2020-07-01T20:30:14.000Z","thermometer","temperature_min","°C",18.74
"2020-07-01T20:35:13.000Z","thermometer","temperature_min","°C",18.57
"2020-07-01T20:40:31.000Z","thermometer","temperature_min","°C",18.34
"2020-07-01T20:45:12.000Z","thermometer","temperature_min","°C",18.24
"2020-07-01T20:50:15.000Z","thermometer","temperature_min","°C",18.09
"2020-07-01T20:55:13.000Z","thermometer","temperature_min","°C",17.96
"2020-07-01T21:00:13.000Z","thermometer","temperature_min","°C",17.84
"2020-07-01T21:05:14.000Z","thermometer","temperature_min","°C",17.72
"2020-07-01T21:10:13.000Z","thermometer","temperature_min","°C",17.59
"2020-07-01T21:15:14.000Z","thermometer","temperature_min","°C",17.54
"2020-07-01T21:20:13.000Z","thermometer","temperature_min","°C",17.63
"2020-07-01T21:25:15.000Z","thermometer","temperature_min","°C",17.52
"2020-07-01T21:30:13.000Z","thermometer","temperature_min","°C",17.43
"2020-07-01T21:35:13.000Z","thermometer","temperature_min","°C",17.34
"2020-07-01T21:40:14.000Z","thermometer","temperature_min","°C",17.23
"2020-07-01T21:45:13.000Z","thermometer","temperature_min","°C",17.12
"2020-07-01T21:50:14.000Z","thermometer","temperature_min","°C",17.1
"2020-07-01T21:55:13.000Z","thermometer","temperature_min","°C",17.02
"2020-07-01T22:00:15.000Z","thermometer","temperature_min","°C",16.98
"2020-07-01T22:05:28.000Z","thermometer","temperature_min","°C",16.91
"2020-07-01T22:10:13.000Z","thermometer","temperature_min","°C",16.96
"2020-07-01T22:15:14.000Z","thermometer","temperature_min","°C",17.1
"2020-07-01T22:20:13.000Z","thermometer","temperature_min","°C",17.28
"2020-07-01T22:25:13.000Z","thermometer","temperature_min","°C",17.45
"2020-07-01T22:30:14.000Z","thermometer","temperature_min","°C",17.4
"2020-07-01T22:35:14.000Z","thermometer","temperature_min","°C",17.38
"2020-07-01T22:40:13.000Z","thermometer","temperature_min","°C",17.26
"2020-07-01T22:45:14.000Z","thermometer","temperature_min","°C",17.22
"2020-07-01T22:50:13.000Z","thermometer","temperature_min","°C",17.28
"2020-07-01T22:55:15.000Z","thermometer","temperature_min","°C",17.27
"2020-07-01T23:00:17.000Z","thermometer","temperature_min","°C",17.33
"2020-07-01T23:05:13.000Z","thermometer","temperature_min","°C",17.24
"2020-07-01T23:10:14.000Z","thermometer","temperature_min","°C",17.06
"2020-07-01T23:15:13.000Z","thermometer","temperature_min","°C",16.89
"2020-07-01T23:20:14.000Z","thermometer","temperature_min","°C",16.71
"2020-07-01T23:25:13.000Z","thermometer","temperature_min","°C",16.59
"2020-07-01T23:30:15.000Z","thermometer","temperature_min","°C",16.54
"2020-07-01T23:35:12.000Z","thermometer","temperature_min","°C",16.65
"2020-07-01T23:40:13.000Z","thermometer","temperature_min","°C",16.74
"2020-07-01T23:45:14.000Z","thermometer","temperature_min","°C",16.6
"2020-07-01T23:50:15.000Z","thermometer","temperature_min","°C",16.52
"2020-07-01T23:55:13.000Z","thermometer","temperature_min","°C",16.48
"2020-07-02T00:00:13.000Z","thermometer","temperature_min","°C",16.48
"2020-07-02T00:05:14.000Z","thermometer","temperature_min","°C",16.54
"2020-07-02T00:10:13.000Z","thermometer","temperature_min","°C",16.65
"2020-07-02T00:15:15.000Z","thermometer","temperature_min","°C",16.77
"2020-07-02T00:20:12.000Z","thermometer","temperature_min","°C",16.77
"2020-07-02T00:25:14.000Z","thermometer","temperature_min","°C",16.76
"2020-07-02T00:30:13.000Z","thermometer","temperature_min","°C",16.75
"2020-07-02T00:35:15.000Z","thermometer","temperature_min","°C",16.79
"2020-07-02T00:40:13.000Z","thermometer","temperature_min","°C",16.84
"2020-07-02T00:45:13.000Z","thermometer","temperature_min","°C",16.84
"2020-07-02T00:50:14.000Z","thermometer","temperature_min","°C",16.87
"2020-07-02T00:55:13.000Z","thermometer","temperature_min","°C",16.84
"2020-07-02T01:00:14.000Z","thermometer","temperature_min","°C",16.85
"2020-07-02T01:05:13.000Z","thermometer","temperature_min","°C",16.86
"2020-07-02T01:10:15.000Z","thermometer","temperature_min","°C",16.82
"2020-07-02T01:15:13.000Z","thermometer","temperature_min","°C",16.74
"2020-07-02T01:20:13.000Z","thermometer","temperature_min","°C",16.66
"2020-07-02T01:25:14.000Z","thermometer","temperature_min","°C",16.64
"2020-07-02T01:30:13.000Z","thermometer","temperature_min","°C",16.61
"2020-07-02T01:35:15.000Z","thermometer","temperature_min","°C",16.42
"2020-07-02T01:40:12.000Z","thermometer","temperature_min","°C",16.34
"2020-07-02T01:45:14.000Z","thermometer","temperature_min","°C",16.24
"2020-07-02T01:50:13.000Z","thermometer","temperature_min","°C",16.18
"2020-07-02T01:55:15.000Z","thermometer","temperature_min","°C",16.11
"2020-07-02T02:00:28.000Z","thermometer","temperature_min","°C",16.12
"2020-07-02T02:05:14.000Z","thermometer","temperature_min","°C",16.16
"2020-07-02T02:10:13.000Z","thermometer","temperature_min","°C",16.27
"2020-07-02T02:15:14.000Z","thermometer","temperature_min","°C",16.37
"2020-07-02T02:20:13.000Z","thermometer","temperature_min","°C",16.38
"2020-07-02T02:25:13.000Z","thermometer","temperature_min","°C",16.4
"2020-07-02T02:30:15.000Z","thermometer","temperature_min","°C",16.38
"2020-07-02T02:35:12.000Z","thermometer","temperature_min","°C",16.32
"2020-07-02T02:40:13.000Z","thermometer","temperature_min","°C",16.27
"2020-07-02T02:45:15.000Z","thermometer","temperature_min","°C",16.24
"2020-07-02T02:50:13.000Z","thermometer","temperature_min","°C",16.22
"2020-07-02T02:55:13.000Z","thermometer","temperature_min","°C",16.19
"2020-07-02T03:00:15.000Z","thermometer","temperature_min","°C",16.2
"2020-07-02T03:05:13.000Z","thermometer","temperature_min","°C",16.22
"2020-07-02T03:10:13.000Z","thermometer","temperature_min","°C",16.22
"2020-07-02T03:15:15.000Z","thermometer","temperature_min","°C",16.24
"2020-07-02T03:20:13.000Z","thermometer","temperature_min","°C",16.24
"2020-07-02T03:25:13.000Z","thermometer","temperature_min","°C",16.24
"2020-07-02T03:30:14.000Z","thermometer","temperature_min","°C",16.25
"2020-07-02T03:35:13.000Z","thermometer","temperature_min","°C",16.25
"2020-07-02T03:40:15.000Z","thermometer","temperature_min","°C",16.26
"2020-07-02T03:45:12.000Z","thermometer","temperature_min","°C",16.25
"2020-07-02T03:50:15.000Z","thermometer","temperature_min","°C",16.34
"2020-07-02T03:55:13.000Z","thermometer","temperature_min","°C",16.36
"2020-07-02T04:00:13.000Z","thermometer","temperature_min","°C",16.39
"2020-07-02T04:05:13.000Z","thermometer","temperature_min","°C",16.42
"2020-07-02T04:10:15.000Z","thermometer","temperature_min","°C",16.53
"2020-07-02T04:15:13.000Z","thermometer","temperature_min","°C",16.64
"2020-07-02T04:20:13.000Z","thermometer","temperature_min","°C",16.7
"2020-07-02T04:25:13.000Z","thermometer","temperature_min","°C",16.86
"2020-07-02T04:30:15.000Z","thermometer","temperature_min","°C",17.03
"2020-07-02T04:35:13.000Z","thermometer","temperature_min","°C",17.18
"2020-07-02T04:40:13.000Z","thermometer","temperature_min","°C",17.26
"2020-07-02T04:45:15.000Z","thermometer","temperature_min","°C",17.33
"2020-07-02T04:50:12.000Z","thermometer","temperature_min","°C",17.5
"2020-07-02T04:55:15.000Z","thermometer","temperature_min","°C",17.73
"2020-07-02T05:00:13.000Z","thermometer","temperature_min","°C",17.98
"2020-07-02T05:05:14.000Z","thermometer","temperature_min","°C",18.25
"2020-07-02T05:10:13.000Z","thermometer","temperature_min","°C",18.73
"2020-07-02T05:15:14.000Z","thermometer","temperature_min","°C",19.26
"2020-07-02T05:20:13.000Z","thermometer","temperature_min","°C",19.8
"2020-07-02T05:25:14.000Z","thermometer","temperature_min","°C",20.29
"2020-07-02T05:30:14.000Z","thermometer","temperature_min","°C",20.96
"2020-07-02T05:35:13.000Z","thermometer","temperature_min","°C",21.48
"2020-07-02T05:40:14.000Z","thermometer","temperature_min","°C",21.89
"2020-07-02T05:45:21.000Z","thermometer","temperature_min","°C",22.2
"2020-07-02T05:50:15.000Z","thermometer","temperature_min","°C",22.65
"2020-07-02T05:55:13.000Z","thermometer","temperature_min","°C",22.96
"2020-07-02T06:00:13.000Z","thermometer","temperature_min","°C",23.33
"2020-07-02T06:05:13.000Z","thermometer","temperature_min","°C",24.01
"2020-07-02T06:10:14.000Z","thermometer","temperature_min","°C",24.22
"2020-07-02T06:15:31.000Z","thermometer","temperature_min","°C",24.75
"2020-07-02T06:20:12.000Z","thermometer","temperature_min","°C",25.24
"2020-07-02T06:25:14.000Z","thermometer","temperature_min","°C",25.35
"2020-07-02T06:30:13.000Z","thermometer","temperature_min","°C",24.72
"2020-07-02T06:35:14.000Z","thermometer","temperature_min","°C",24.56
"2020-07-02T06:40:13.000Z","thermometer","temperature_min","°C",24.84
"2020-07-02T06:45:15.000Z","thermometer","temperature_min","°C",24.98
"2020-07-02T06:50:12.000Z","thermometer","temperature_min","°C",24.77
"2020-07-02T06:55:15.000Z","thermometer","temperature_min","°C",24.77
"2020-07-02T07:00:13.000Z","thermometer","temperature_min","°C",25.87
"2020-07-02T07:05:13.000Z","thermometer","temperature_min","°C",26.58
"2020-07-02T07:10:14.000Z","thermometer","temperature_min","°C",26.36
"2020-07-02T07:15:13.000Z","thermometer","temperature_min","°C",26.35
"2020-07-02T07:20:15.000Z","thermometer","temperature_min","°C",26.31
"2020-07-02T07:25:13.000Z","thermometer","temperature_min","°C",26.87
"2020-07-02T07:30:13.000Z","thermometer","temperature_min","°C",27.18
"2020-07-02T07:35:14.000Z","thermometer","temperature_min","°C",26.98
"2020-07-02T07:40:13.000Z","thermometer","temperature_min","°C",26.91
"2020-07-02T07:40:13.000Z","thermometer","temperature_min","°C",26.91
"2020-07-02T07:45:14.000Z","thermometer","temperature_min","°C",27.49
"2020-07-02T07:50:13.000Z","thermometer","temperature_min","°C",27.36
"2020-07-02T07:55:15.000Z","thermometer","temperature_min","°C",27.48
"2020-07-02T08:00:12.000Z","thermometer","temperature_min","°C",27.14
"2020-07-02T08:05:14.000Z","thermometer","temperature_min","°C",27.2
"2020-07-02T08:10:13.000Z","thermometer","temperature_min","°C",27.74
"2020-07-02T08:15:15.000Z","thermometer","temperature_min","°C",27.88
"2020-07-02T08:20:13.000Z","thermometer","temperature_min","°C",28.68
"2020-07-02T08:25:28.000Z","thermometer","temperature_min","°C",28.57
"2020-07-02T08:25:28.000Z","thermometer","temperature_min","°C",28.57
"2020-07-02T08:30:14.000Z","thermometer","temperature_min","°C",29.2
"2020-07-02T08:35:13.000Z","thermometer","temperature_min","°C",29.33
"2020-07-02T08:40:14.000Z","thermometer","temperature_min","°C",29.2
"2020-07-02T08:45:15.000Z","thermometer","temperature_min","°C",29.54
"2020-07-02T08:50:12.000Z","thermometer","temperature_min","°C",29.08
"2020-07-02T08:55:13.000Z","thermometer","temperature_min","°C",28.65
"2020-07-02T09:00:14.000Z","thermometer","temperature_min","°C",29.72
"2020-07-02T09:05:15.000Z","thermometer","temperature_min","°C",30.18
"2020-07-02T09:10:12.000Z","thermometer","temperature_min","°C",30.61
"2020-07-02T09:15:14.000Z","thermometer","temperature_min","°C",30.95
"2020-07-02T09:20:13.000Z","thermometer","temperature_min","°C",30.87
"2020-07-02T09:30:13.000Z","thermometer","temperature_min","°C",29.9
"2020-07-02T09:35:13.000Z","thermometer","temperature_min","°C",30.14
"2020-07-02T09:40:13.000Z","thermometer","temperature_min","°C",29.94
"2020-07-02T09:45:14.000Z","thermometer","temperature_min","°C",30.63
"2020-07-02T09:50:14.000Z","thermometer","temperature_min","°C",30.47
"2020-07-02T09:55:13.000Z","thermometer","temperature_min","°C",30.7
"2020-07-02T10:00:14.000Z","thermometer","temperature_min","°C",29.73
"2020-07-02T10:05:13.000Z","thermometer","temperature_min","°C",30.17
"2020-07-02T10:10:15.000Z","thermometer","temperature_min","°C",30.68
"2020-07-02T10:15:13.000Z","thermometer","temperature_min","°C",30.54
"2020-07-02T10:20:13.000Z","thermometer","temperature_min","°C",31.25
"2020-07-02T10:25:14.000Z","thermometer","temperature_min","°C",32.06
"2020-07-02T10:25:14.000Z","thermometer","temperature_min","°C",32.06
"2020-07-02T10:30:13.000Z","thermometer","temperature_min","°C",32.12
"2020-07-02T10:35:15.000Z","thermometer","temperature_min","°C",31.52
"2020-07-02T10:40:12.000Z","thermometer","temperature_min","°C",31.24
"2020-07-02T10:45:14.000Z","thermometer","temperature_min","°C",31.75
"2020-07-02T10:50:31.000Z","thermometer","temperature_min","°C",31.28
"2020-07-02T10:55:12.000Z","thermometer","temperature_min","°C",30.76
"2020-07-02T11:00:13.000Z","thermometer","temperature_min","°C",31.51
"2020-07-02T11:05:13.000Z","thermometer","temperature_min","°C",31.83
"2020-07-02T11:10:15.000Z","thermometer","temperature_min","°C",32.54
"2020-07-02T11:15:13.000Z","thermometer","temperature_min","°C",32.3
"2020-07-02T11:20:14.000Z","thermometer","temperature_min","°C",31.12
"2020-07-02T11:25:13.000Z","thermometer","temperature_min","°C",31.39
"2020-07-02T11:35:13.000Z","thermometer","temperature_min","°C",32.66
"2020-07-02T11:40:14.000Z","thermometer","temperature_min","°C",32.47
"2020-07-02T11:45:13.000Z","thermometer","temperature_min","°C",32.43
"2020-07-02T11:50:31.000Z","thermometer","temperature_min","°C",32.7
"2020-07-02T11:55:13.000Z","thermometer","temperature_min","°C",32.49
"2020-07-02T12:00:13.000Z","thermometer","temperature_min","°C",32.71
"2020-07-02T12:05:14.000Z","thermometer","temperature_min","°C",32.9
"2020-07-02T12:10:13.000Z","thermometer","temperature_min","°C",32.97
"2020-07-02T12:15:14.000Z","thermometer","temperature_min","°C",32.91
"2020-07-02T12:20:13.000Z","thermometer","temperature_min","°C",33.15
"2020-07-02T12:25:14.000Z","thermometer","temperature_min","°C",33.47
"2020-07-02T12:30:14.000Z","thermometer","temperature_min","°C",33.6
"2020-07-02T12:35:13.000Z","thermometer","temperature_min","°C",32.98
"2020-07-02T12:40:14.000Z","thermometer","temperature_min","°C",32.87
"2020-07-02T12:45:13.000Z","thermometer","temperature_min","°C",32.69
"2020-07-02T12:45:13.000Z","thermometer","temperature_min","°C",32.69
"2020-07-02T12:50:13.000Z","thermometer","temperature_min","°C",32.47
"2020-07-02T12:55:16.000Z","thermometer","temperature_min","°C",31.76
"2020-07-02T13:00:12.000Z","thermometer","temperature_min","°C",31.62
"2020-07-02T13:05:14.000Z","thermometer","temperature_min","°C",32.17
"2020-07-02T13:10:13.000Z","thermometer","temperature_min","°C",32.33
"2020-07-02T13:15:14.000Z","thermometer","temperature_min","°C",32.28
"2020-07-02T13:20:13.000Z","thermometer","temperature_min","°C",32.1
"2020-07-02T13:25:13.000Z","thermometer","temperature_min","°C",32.52
"2020-07-02T13:30:14.000Z","thermometer","temperature_min","°C",31.83
"2020-07-02T13:35:14.000Z","thermometer","temperature_min","°C",31.78
"2020-07-02T13:45:14.000Z","thermometer","temperature_min","°C",32.31
"2020-07-02T13:50:14.000Z","thermometer","temperature_min","°C",31.93
"2020-07-02T13:55:13.000Z","thermometer","temperature_min","°C",31.96
"2020-07-02T14:00:14.000Z","thermometer","temperature_min","°C",31.72
"2020-07-02T14:05:13.000Z","thermometer","temperature_min","°C",32.36
"2020-07-02T14:10:14.000Z","thermometer","temperature_min","°C",31.73
"2020-07-02T14:15:13.000Z","thermometer","temperature_min","°C",31.16
"2020-07-02T14:20:31.000Z","thermometer","temperature_min","°C",31.52
"2020-07-02T14:25:12.000Z","thermometer","temperature_min","°C",31.44
"2020-07-02T14:30:15.000Z","thermometer","temperature_min","°C",31.72
"2020-07-02T14:35:13.000Z","thermometer","temperature_min","°C",31.65
"2020-07-02T14:40:13.000Z","thermometer","temperature_min","°C",31
"2020-07-02T14:45:13.000Z","thermometer","temperature_min","°C",31.73
"2020-07-02T14:50:14.000Z","thermometer","temperature_min","°C",31.25
"2020-07-02T14:55:13.000Z","thermometer","temperature_min","°C",31.11
"2020-07-02T15:00:15.000Z","thermometer","temperature_min","°C",31.09
"2020-07-02T15:05:13.000Z","thermometer","temperature_min","°C",30.91
"2020-07-02T15:10:14.000Z","thermometer","temperature_min","°C",30.93
"2020-07-02T15:15:13.000Z","thermometer","temperature_min","°C",30.9
"2020-07-02T15:20:14.000Z","thermometer","temperature_min","°C",30.87
"2020-07-02T15:25:13.000Z","thermometer","temperature_min","°C",30.76
"2020-07-02T15:30:31.000Z","thermometer","temperature_min","°C",30.7
"2020-07-02T15:35:12.000Z","thermometer","temperature_min","°C",30.76
"2020-07-02T15:40:14.000Z","thermometer","temperature_min","°C",30.67
"2020-07-02T15:45:13.000Z","thermometer","temperature_min","°C",30.82
"2020-07-02T15:50:16.000Z","thermometer","temperature_min","°C",30.69
"2020-07-02T15:55:14.000Z","thermometer","temperature_min","°C",30.86
"2020-07-02T16:00:13.000Z","thermometer","temperature_min","°C",30.56
"2020-07-02T16:05:19.000Z","thermometer","temperature_min","°C",30.6
"2020-07-02T16:10:12.000Z","thermometer","temperature_min","°C",30.52
"2020-07-02T16:15:15.000Z","thermometer","temperature_min","°C",30.64
"2020-07-02T16:20:15.000Z","thermometer","temperature_min","°C",30.26
"2020-07-02T16:25:12.000Z","thermometer","temperature_min","°C",29.92
"2020-07-02T16:30:14.000Z","thermometer","temperature_min","°C",29.64
"2020-07-02T16:35:14.000Z","thermometer","temperature_min","°C",29.57
"2020-07-02T16:40:13.000Z","thermometer","temperature_min","°C",29.34
"2020-07-02T16:50:13.000Z","thermometer","temperature_min","°C",29.23
"2020-07-02T16:55:13.000Z","thermometer","temperature_min","°C",29.01
"2020-07-02T17:00:14.000Z","thermometer","temperature_min","°C",28.95
"2020-07-02T17:05:13.000Z","thermometer","temperature_min","°C",28.8
"2020-07-02T17:10:14.000Z","thermometer","temperature_min","°C",28.75
"2020-07-02T17:15:31.000Z","thermometer","temperature_min","°C",28.47
"2020-07-02T17:20:13.000Z","thermometer","temperature_min","°C",28.37
"2020-07-02T17:25:13.000Z","thermometer","temperature_min","°C",28.15
"2020-07-02T17:30:13.000Z","thermometer","temperature_min","°C",27.96
"2020-07-02T17:35:14.000Z","thermometer","temperature_min","°C",27.7
"2020-07-02T17:40:13.000Z","thermometer","temperature_min","°C",27.54
"2020-07-02T17:45:14.000Z","thermometer","temperature_min","°C",27.34
"2020-07-02T17:50:15.000Z","thermometer","temperature_min","°C",27.11
"2020-07-02T17:55:12.000Z","thermometer","temperature_min","°C",26.85
"2020-07-02T18:00:14.000Z","thermometer","temperature_min","°C",26.84
"2020-07-02T18:05:13.000Z","thermometer","temperature_min","°C",26.67
"2020-07-02T18:10:13.000Z","thermometer","temperature_min","°C",26.24
"2020-07-02T18:15:14.000Z","thermometer","temperature_min","°C",25.88
"2020-07-02T18:20:14.000Z","thermometer","temperature_min","°C",25.58
"2020-07-02T18:25:13.000Z","thermometer","temperature_min","°C",25.35
"2020-07-02T18:30:14.000Z","thermometer","temperature_min","°C",25.03
"2020-07-02T18:35:14.000Z","thermometer","temperature_min","°C",24.83
"2020-07-02T18:40:13.000Z","thermometer","temperature_min","°C",24.58
"2020-07-02T18:45:15.000Z","thermometer","temperature_min","°C",24.23
"2020-07-02T18:50:12.000Z","thermometer","temperature_min","°C",23.68
"2020-07-02T18:55:14.000Z","thermometer","temperature_min","°C",23.05
"2020-07-02T19:00:13.000Z","thermometer","temperature_min","°C",22.48
"2020-07-02T19:05:14.000Z","thermometer","temperature_min","°C",22.18
"2020-07-02T19:10:13.000Z","thermometer","temperature_min","°C",21.76
"2020-07-02T19:15:15.000Z","thermometer","temperature_min","°C",21.44
"2020-07-02T19:20:13.000Z","thermometer","temperature_min","°C",21.14
"2020-07-02T19:25:13.000Z","thermometer","temperature_min","°C",20.92
"2020-07-02T19:30:14.000Z","thermometer","temperature_min","°C",20.82
"2020-07-02T19:35:13.000Z","thermometer","temperature_min","°C",20.81
"2020-07-02T19:40:14.000Z","thermometer","temperature_min","°C",20.9
"2020-07-02T19:45:14.000Z","thermometer","temperature_min","°C",20.94
"2020-07-02T19:50:13.000Z","thermometer","temperature_min","°C",20.68
"2020-07-02T19:55:14.000Z","thermometer","temperature_min","°C",20.34
"2020-07-02T20:00:13.000Z","thermometer","temperature_min","°C",20.18
"2020-07-02T20:05:22.000Z","thermometer","temperature_min","°C",20.08
"2020-07-02T20:10:13.000Z","thermometer","temperature_min","°C",19.98
"2020-07-02T20:15:15.000Z","thermometer","temperature_min","°C",19.74
"2020-07-02T20:20:13.000Z","thermometer","temperature_min","°C",19.52
"2020-07-02T20:25:13.000Z","thermometer","temperature_min","°C",19.44
"2020-07-02T20:30:13.000Z","thermometer","temperature_min","°C",19.34
"2020-07-02T20:35:31.000Z","thermometer","temperature_min","°C",19.19
"2020-07-02T20:40:13.000Z","thermometer","temperature_min","°C",19.12
"2020-07-02T20:45:14.000Z","thermometer","temperature_min","°C",19.05
"2020-07-02T20:50:13.000Z","thermometer","temperature_min","°C",18.86
"2020-07-02T20:55:13.000Z","thermometer","temperature_min","°C",18.78
"2020-07-02T21:00:15.000Z","thermometer","temperature_min","°C",18.78
"2020-07-02T21:05:12.000Z","thermometer","temperature_min","°C",18.66
"2020-07-02T21:10:14.000Z","thermometer","temperature_min","°C",18.5
"2020-07-02T21:15:14.000Z","thermometer","temperature_min","°C",18.34
"2020-07-02T21:20:13.000Z","thermometer","temperature_min","°C",18.26
"2020-07-02T21:25:31.000Z","thermometer","temperature_min","°C",18.22
"2020-07-02T21:30:12.000Z","thermometer","temperature_min","°C",18.2
"2020-07-02T21:35:14.000Z","thermometer","temperature_min","°C",18.17
"2020-07-02T21:40:13.000Z","thermometer","temperature_min","°C",18.15
"2020-07-02T21:45:14.000Z","thermometer","temperature_min","°C",18.16
"2020-07-02T21:50:13.000Z","thermometer","temperature_min","°C",18.12
"2020-07-02T21:55:15.000Z","thermometer","temperature_min","°C",18.08
"2020-07-02T22:00:13.000Z","thermometer","temperature_min","°C",18.01
"2020-07-02T22:05:20.000Z","thermometer","temperature_min","°C",18.04
"2020-07-02T22:10:13.000Z","thermometer","temperature_min","°C",18.07
"2020-07-02T22:15:13.000Z","thermometer","temperature_min","°C",18.13
"2020-07-02T22:20:14.000Z","thermometer","temperature_min","°C",18.14
"2020-07-02T22:25:13.000Z","thermometer","temperature_min","°C",18.14
"2020-07-02T22:30:15.000Z","thermometer","temperature_min","°C",18.3
"2020-07-02T22:35:28.000Z","thermometer","temperature_min","°C",18.3
"2020-07-02T22:40:14.000Z","thermometer","temperature_min","°C",18.43
"2020-07-02T22:45:13.000Z","thermometer","temperature_min","°C",18.44
"2020-07-02T22:50:13.000Z","thermometer","temperature_min","°C",18.39
"2020-07-02T22:55:15.000Z","thermometer","temperature_min","°C",18.32
"2020-07-02T23:00:13.000Z","thermometer","temperature_min","°C",18.22
"2020-07-02T23:05:13.000Z","thermometer","temperature_min","°C",18.19
"2020-07-02T23:10:15.000Z","thermometer","temperature_min","°C",18.22
"2020-07-02T23:15:12.000Z","thermometer","temperature_min","°C",18.23
"2020-07-02T23:20:13.000Z","thermometer","temperature_min","°C",18.22
"2020-07-02T23:25:14.000Z","thermometer","temperature_min","°C",18.2
"2020-07-02T23:30:14.000Z","thermometer","temperature_min","°C",18.23
"2020-07-02T23:35:13.000Z","thermometer","temperature_min","°C",18.28
"2020-07-02T23:40:14.000Z","thermometer","temperature_min","°C",18.2
"2020-07-02T23:45:15.000Z","thermometer","temperature_min","°C",18.08
"2020-07-02T23:50:12.000Z","thermometer","temperature_min","°C",17.92
"2020-07-02T23:55:13.000Z","thermometer","temperature_min","°C",17.72
"2020-07-03T00:00:14.000Z","thermometer","temperature_min","°C",17.56
"2020-07-03T00:05:13.000Z","thermometer","temperature_min","°C",17.4
"2020-07-03T00:10:15.000Z","thermometer","temperature_min","°C",17.23
"2020-07-03T00:15:13.000Z","thermometer","temperature_min","°C",17.14
"2020-07-03T00:20:13.000Z","thermometer","temperature_min","°C",17.04
"2020-07-03T00:30:12.000Z","thermometer","temperature_min","°C",17.05
"2020-07-03T00:35:15.000Z","thermometer","temperature_min","°C",17.2
"2020-07-03T00:40:13.000Z","thermometer","temperature_min","°C",17.29
"2020-07-03T00:45:13.000Z","thermometer","temperature_min","°C",17.21
"2020-07-03T00:50:14.000Z","thermometer","temperature_min","°C",17.08
"2020-07-03T00:55:13.000Z","thermometer","temperature_min","°C",17.07
"2020-07-03T01:00:14.000Z","thermometer","temperature_min","°C",17.06
"2020-07-03T01:05:13.000Z","thermometer","temperature_min","°C",17.1
"2020-07-03T01:10:15.000Z","thermometer","temperature_min","°C",17.25
"2020-07-03T01:20:14.000Z","thermometer","temperature_min","°C",17.28
"2020-07-03T01:25:13.000Z","thermometer","temperature_min","°C",17.33
"2020-07-03T01:30:14.000Z","thermometer","temperature_min","°C",17.24
"2020-07-03T01:35:14.000Z","thermometer","temperature_min","°C",17.23
"2020-07-03T01:40:13.000Z","thermometer","temperature_min","°C",17.14
"2020-07-03T01:45:14.000Z","thermometer","temperature_min","°C",17.17
"2020-07-03T01:50:13.000Z","thermometer","temperature_min","°C",17.21
"2020-07-03T01:55:15.000Z","thermometer","temperature_min","°C",17.38
"2020-07-03T02:00:13.000Z","thermometer","temperature_min","°C",17.66
"2020-07-03T02:05:13.000Z","thermometer","temperature_min","°C",17.63
"2020-07-03T02:10:13.000Z","thermometer","temperature_min","°C",17.46
"2020-07-03T02:15:14.000Z","thermometer","temperature_min","°C",17.46
"2020-07-03T02:20:28.000Z","thermometer","temperature_min","°C",17.46
"2020-07-03T02:25:15.000Z","thermometer","temperature_min","°C",17.4
"2020-07-03T02:35:13.000Z","thermometer","temperature_min","°C",17.13
"2020-07-03T02:40:14.000Z","thermometer","temperature_min","°C",17.02
"2020-07-03T02:45:13.000Z","thermometer","temperature_min","°C",16.94
"2020-07-03T02:50:15.000Z","thermometer","temperature_min","°C",16.8
"2020-07-03T02:55:13.000Z","thermometer","temperature_min","°C",16.69
"2020-07-03T03:00:13.000Z","thermometer","temperature_min","°C",16.64
"2020-07-03T03:05:14.000Z","thermometer","temperature_min","°C",16.69
"2020-07-03T03:10:13.000Z","thermometer","temperature_min","°C",16.7
"2020-07-03T03:15:14.000Z","thermometer","temperature_min","°C",16.66
"2020-07-03T03:20:13.000Z","thermometer","temperature_min","°C",16.64
"2020-07-03T03:25:15.000Z","thermometer","temperature_min","°C",16.71
"2020-07-03T03:30:13.000Z","thermometer","temperature_min","°C",16.89
"2020-07-03T03:35:13.000Z","thermometer","temperature_min","°C",17.09
"2020-07-03T03:40:13.000Z","thermometer","temperature_min","°C",17.26
"2020-07-03T03:45:14.000Z","thermometer","temperature_min","°C",17.72
"2020-07-03T03:50:14.000Z","thermometer","temperature_min","°C",17.98
"2020-07-03T03:55:13.000Z","thermometer","temperature_min","°C",18.22
"2020-07-03T04:00:31.000Z","thermometer","temperature_min","°C",18.32
"2020-07-03T04:05:12.000Z","thermometer","temperature_min","°C",18.4
"2020-07-03T04:10:14.000Z","thermometer","temperature_min","°C",18.58
"2020-07-03T04:15:13.000Z","thermometer","temperature_min","°C",18.74
"2020-07-03T04:20:15.000Z","thermometer","temperature_min","°C",18.9
"2020-07-03T04:25:13.000Z","thermometer","temperature_min","°C",18.96
"2020-07-03T04:30:13.000Z","thermometer","temperature_min","°C",18.98
"2020-07-03T04:35:15.000Z","thermometer","temperature_min","°C",19.09
"2020-07-03T04:40:13.000Z","thermometer","temperature_min","°C",19.17
"2020-07-03T04:45:13.000Z","thermometer","temperature_min","°C",19.22
"2020-07-03T04:50:13.000Z","thermometer","temperature_min","°C",19.36
"2020-07-03T04:55:15.000Z","thermometer","temperature_min","°C",19.48
"2020-07-03T05:00:13.000Z","thermometer","temperature_min","°C",19.52
"2020-07-03T05:05:13.000Z","thermometer","temperature_min","°C",19.72
"2020-07-03T05:10:15.000Z","thermometer","temperature_min","°C",19.86
"2020-07-03T05:15:13.000Z","thermometer","temperature_min","°C",20.06
"2020-07-03T05:20:13.000Z","thermometer","temperature_min","°C",20.1
"2020-07-03T05:25:31.000Z","thermometer","temperature_min","°C",20.15
"2020-07-03T05:30:12.000Z","thermometer","temperature_min","°C",20.34
"2020-07-03T05:35:14.000Z","thermometer","temperature_min","°C",20.45
"2020-07-03T05:40:13.000Z","thermometer","temperature_min","°C",20.42
"2020-07-03T05:45:20.000Z","thermometer","temperature_min","°C",20.5
"2020-07-03T05:50:13.000Z","thermometer","temperature_min","°C",20.76
"2020-07-03T05:55:15.000Z","thermometer","temperature_min","°C",20.68
"2020-07-03T06:00:13.000Z","thermometer","temperature_min","°C",20.57
"2020-07-03T06:05:13.000Z","thermometer","temperature_min","°C",20.77
"2020-07-03T06:10:14.000Z","thermometer","temperature_min","°C",21.07
"2020-07-03T06:15:14.000Z","thermometer","temperature_min","°C",21.12
"2020-07-03T06:20:13.000Z","thermometer","temperature_min","°C",21.26
"2020-07-03T06:25:13.000Z","thermometer","temperature_min","°C",21.44
"2020-07-03T06:30:14.000Z","thermometer","temperature_min","°C",21.5
"2020-07-03T06:35:14.000Z","thermometer","temperature_min","°C",22.09
"2020-07-03T06:40:13.000Z","thermometer","temperature_min","°C",22.03
"2020-07-03T06:45:14.000Z","thermometer","temperature_min","°C",22.52
"2020-07-03T06:50:14.000Z","thermometer","temperature_min","°C",23.22
"2020-07-03T06:55:13.000Z","thermometer","temperature_min","°C",23.21
"2020-07-03T07:00:13.000Z","thermometer","temperature_min","°C",23.21
"2020-07-03T07:05:15.000Z","thermometer","temperature_min","°C",23.58
"2020-07-03T07:10:13.000Z","thermometer","temperature_min","°C",24.02
"2020-07-03T07:15:12.000Z","thermometer","temperature_min","°C",24.2
"2020-07-03T07:20:15.000Z","thermometer","temperature_min","°C",24.98
"2020-07-03T07:25:13.000Z","thermometer","temperature_min","°C",25.3
"2020-07-03T07:30:13.000Z","thermometer","temperature_min","°C",25.92
"2020-07-03T07:35:14.000Z","thermometer","temperature_min","°C",26.42
"2020-07-03T07:40:15.000Z","thermometer","temperature_min","°C",26.7
"2020-07-03T07:45:13.000Z","thermometer","temperature_min","°C",26.93
"2020-07-03T07:50:13.000Z","thermometer","temperature_min","°C",27.69
"2020-07-03T07:55:14.000Z","thermometer","temperature_min","°C",27.89
"2020-07-03T08:00:13.000Z","thermometer","temperature_min","°C",28.25
"2020-07-03T08:05:14.000Z","thermometer","temperature_min","°C",28.16
"2020-07-03T08:10:13.000Z","thermometer","temperature_min","°C",28.06
"2020-07-03T08:15:15.000Z","thermometer","temperature_min","°C",28.02
"2020-07-03T08:20:28.000Z","thermometer","temperature_min","°C",28.12
"2020-07-03T08:25:13.000Z","thermometer","temperature_min","°C",29.18
"2020-07-03T08:30:14.000Z","thermometer","temperature_min","°C",28.84
"2020-07-03T08:35:13.000Z","thermometer","temperature_min","°C",28.54
"2020-07-03T08:40:14.000Z","thermometer","temperature_min","°C",29.11
"2020-07-03T08:45:13.000Z","thermometer","temperature_min","°C",29.04
"2020-07-03T08:45:13.000Z","thermometer","temperature_min","°C",29.04
"2020-07-03T08:50:15.000Z","thermometer","temperature_min","°C",29.56
"2020-07-03T08:55:12.000Z","thermometer","temperature_min","°C",29.25
"2020-07-03T09:00:14.000Z","thermometer","temperature_min","°C",30.1
"2020-07-03T09:05:13.000Z","thermometer","temperature_min","°C",30.32
"2020-07-03T09:10:15.000Z","thermometer","temperature_min","°C",30.26
"2020-07-03T09:15:13.000Z","thermometer","temperature_min","°C",30.54
"2020-07-03T09:20:13.000Z","thermometer","temperature_min","°C",30.38
"2020-07-03T09:25:14.000Z","thermometer","temperature_min","°C",30.54
"2020-07-03T09:30:13.000Z","thermometer","temperature_min","°C",30.28
"2020-07-03T09:35:14.000Z","thermometer","temperature_min","°C",30.76
"2020-07-03T09:40:13.000Z","thermometer","temperature_min","°C",30.88
"2020-07-03T09:45:14.000Z","thermometer","temperature_min","°C",31.26
"2020-07-03T09:50:13.000Z","thermometer","temperature_min","°C",31.01
"2020-07-03T10:00:13.000Z","thermometer","temperature_min","°C",31.84
"2020-07-03T10:05:15.000Z","thermometer","temperature_min","°C",31.6
"2020-07-03T10:10:13.000Z","thermometer","temperature_min","°C",31.15
"2020-07-03T10:15:13.000Z","thermometer","temperature_min","°C",31.4
"2020-07-03T10:20:15.000Z","thermometer","temperature_min","°C",31.2
"2020-07-03T10:25:13.000Z","thermometer","temperature_min","°C",31.43
"2020-07-03T10:30:13.000Z","thermometer","temperature_min","°C",31.21
"2020-07-03T10:35:14.000Z","thermometer","temperature_min","°C",31.25
"2020-07-03T10:45:15.000Z","thermometer","temperature_min","°C",31.36
"2020-07-03T10:50:12.000Z","thermometer","temperature_min","°C",31.77
"2020-07-03T10:55:14.000Z","thermometer","temperature_min","°C",30.9
"2020-07-03T10:55:14.000Z","thermometer","temperature_min","°C",30.9
"2020-07-03T11:00:13.000Z","thermometer","temperature_min","°C",31.03
"2020-07-03T11:05:28.000Z","thermometer","temperature_min","°C",31.3
"2020-07-03T11:10:19.000Z","thermometer","temperature_min","°C",31.31
"2020-07-03T11:15:12.000Z","thermometer","temperature_min","°C",31.85
"2020-07-03T11:20:14.000Z","thermometer","temperature_min","°C",31.91
"2020-07-03T11:25:13.000Z","thermometer","temperature_min","°C",31.72
"2020-07-03T11:30:14.000Z","thermometer","temperature_min","°C",32.02
"2020-07-03T11:35:13.000Z","thermometer","temperature_min","°C",32.16
"2020-07-03T11:40:14.000Z","thermometer","temperature_min","°C",31.86
"2020-07-03T11:45:13.000Z","thermometer","temperature_min","°C",32.35
"2020-07-03T11:50:14.000Z","thermometer","temperature_min","°C",31.74
"2020-07-03T11:55:14.000Z","thermometer","temperature_min","°C",31.42
"2020-07-03T12:00:13.000Z","thermometer","temperature_min","°C",32.15
"2020-07-03T12:05:14.000Z","thermometer","temperature_min","°C",30.88
"2020-07-03T12:10:13.000Z","thermometer","temperature_min","°C",30.2
"2020-07-03T12:15:14.000Z","thermometer","temperature_min","°C",30.08
"2020-07-03T12:20:13.000Z","thermometer","temperature_min","°C",30.22
"2020-07-03T12:25:15.000Z","thermometer","temperature_min","°C",31.37
"2020-07-03T12:30:12.000Z","thermometer","temperature_min","°C",32.15
"2020-07-03T12:35:14.000Z","thermometer","temperature_min","°C",31.92
"2020-07-03T12:40:14.000Z","thermometer","temperature_min","°C",31.7
"2020-07-03T12:45:13.000Z","thermometer","temperature_min","°C",31.56
"2020-07-03T12:50:14.000Z","thermometer","temperature_min","°C",29.64
"2020-07-03T12:55:13.000Z","thermometer","temperature_min","°C",29.97
"2020-07-03T13:00:13.000Z","thermometer","temperature_min","°C",29.92
"2020-07-03T13:05:15.000Z","thermometer","temperature_min","°C",30.99
"2020-07-03T13:10:15.000Z","thermometer","temperature_min","°C",31.44
"2020-07-03T13:15:13.000Z","thermometer","temperature_min","°C",31.86
"2020-07-03T13:20:14.000Z","thermometer","temperature_min","°C",30.22
"2020-07-03T13:25:13.000Z","thermometer","temperature_min","°C",30.35
"2020-07-03T13:30:14.000Z","thermometer","temperature_min","°C",31.25
"2020-07-03T13:35:14.000Z","thermometer","temperature_min","°C",30.96
"2020-07-03T13:45:15.000Z","thermometer","temperature_min","°C",31.17
"2020-07-03T13:50:13.000Z","thermometer","temperature_min","°C",32.41
"2020-07-03T13:55:13.000Z","thermometer","temperature_min","°C",31.87
"2020-07-03T14:00:14.000Z","thermometer","temperature_min","°C",31.72
"2020-07-03T14:05:13.000Z","thermometer","temperature_min","°C",31.26
"2020-07-03T14:10:14.000Z","thermometer","temperature_min","°C",31
"2020-07-03T14:10:14.000Z","thermometer","temperature_min","°C",31
"2020-07-03T14:15:13.000Z","thermometer","temperature_min","°C",31.26
"2020-07-03T14:20:14.000Z","thermometer","temperature_min","°C",31.02
"2020-07-03T14:25:13.000Z","thermometer","temperature_min","°C",31.04
"2020-07-03T14:30:15.000Z","thermometer","temperature_min","°C",30.92
"2020-07-03T14:35:28.000Z","thermometer","temperature_min","°C",31.06
"2020-07-03T14:40:14.000Z","thermometer","temperature_min","°C",30.92
"2020-07-03T14:45:13.000Z","thermometer","temperature_min","°C",30.84
"2020-07-03T14:50:13.000Z","thermometer","temperature_min","°C",30.68
"2020-07-03T14:55:14.000Z","thermometer","temperature_min","°C",30.96
"2020-07-03T15:00:13.000Z","thermometer","temperature_min","°C",30.65
"2020-07-03T15:05:15.000Z","thermometer","temperature_min","°C",30.68
"2020-07-03T15:10:13.000Z","thermometer","temperature_min","°C",30.68
"2020-07-03T15:15:12.000Z","thermometer","temperature_min","°C",30.88
"2020-07-03T15:20:15.000Z","thermometer","temperature_min","°C",30.82
"2020-07-03T15:25:13.000Z","thermometer","temperature_min","°C",30.42
"2020-07-03T15:30:13.000Z","thermometer","temperature_min","°C",30.58
"2020-07-03T15:35:21.000Z","thermometer","temperature_min","°C",30.69
"2020-07-03T15:40:13.000Z","thermometer","temperature_min","°C",30.46
"2020-07-03T15:50:14.000Z","thermometer","temperature_min","°C",30.73
"2020-07-03T15:55:28.000Z","thermometer","temperature_min","°C",30.21
"2020-07-03T16:00:14.000Z","thermometer","temperature_min","°C",30.07
"2020-07-03T16:05:14.000Z","thermometer","temperature_min","°C",30.06
"2020-07-03T16:10:13.000Z","thermometer","temperature_min","°C",30.18
"2020-07-03T16:15:14.000Z","thermometer","temperature_min","°C",30.21
"2020-07-03T16:20:13.000Z","thermometer","temperature_min","°C",30.02
"2020-07-03T16:25:13.000Z","thermometer","temperature_min","°C",29.94
"2020-07-03T16:30:14.000Z","thermometer","temperature_min","°C",29.72
"2020-07-03T16:35:14.000Z","thermometer","temperature_min","°C",29.65
"2020-07-03T16:40:13.000Z","thermometer","temperature_min","°C",29.34
"2020-07-03T16:45:15.000Z","thermometer","temperature_min","°C",29.1
"2020-07-03T16:50:19.000Z","thermometer","temperature_min","°C",28.84
"2020-07-03T16:55:13.000Z","thermometer","temperature_min","°C",28.79
"2020-07-03T17:00:14.000Z","thermometer","temperature_min","°C",28.56
"2020-07-03T17:05:13.000Z","thermometer","temperature_min","°C",28.46
"2020-07-03T17:10:14.000Z","thermometer","temperature_min","°C",28.4
"2020-07-03T17:15:13.000Z","thermometer","temperature_min","°C",28.41
"2020-07-03T17:15:13.000Z","thermometer","temperature_min","°C",28.41
"2020-07-03T17:20:14.000Z","thermometer","temperature_min","°C",28.1
"2020-07-03T17:25:14.000Z","thermometer","temperature_min","°C",27.74
"2020-07-03T17:30:13.000Z","thermometer","temperature_min","°C",27.74
"2020-07-03T17:35:14.000Z","thermometer","temperature_min","°C",27.66
"2020-07-03T17:40:13.000Z","thermometer","temperature_min","°C",27.5
"2020-07-03T17:45:15.000Z","thermometer","temperature_min","°C",27.43
"2020-07-03T17:50:13.000Z","thermometer","temperature_min","°C",27.04
"2020-07-03T17:55:13.000Z","thermometer","temperature_min","°C",26.86
"2020-07-03T18:00:13.000Z","thermometer","temperature_min","°C",26.49
"2020-07-03T18:05:15.000Z","thermometer","temperature_min","°C",25.92
"2020-07-03T18:10:14.000Z","thermometer","temperature_min","°C",25.32
"2020-07-03T18:15:12.000Z","thermometer","temperature_min","°C",24.7
"2020-07-03T18:20:13.000Z","thermometer","temperature_min","°C",24.17
"2020-07-03T18:25:15.000Z","thermometer","temperature_min","°C",23.85
"2020-07-03T18:30:13.000Z","thermometer","temperature_min","°C",23.64
"2020-07-03T18:35:13.000Z","thermometer","temperature_min","°C",23.36
"2020-07-03T18:40:14.000Z","thermometer","temperature_min","°C",23.05
"2020-07-03T18:45:13.000Z","thermometer","temperature_min","°C",22.81
"2020-07-03T18:50:14.000Z","thermometer","temperature_min","°C",22.64
"2020-07-03T18:55:14.000Z","thermometer","temperature_min","°C",22.51
"2020-07-03T19:00:13.000Z","thermometer","temperature_min","°C",22.41
"2020-07-03T19:05:16.000Z","thermometer","temperature_min","°C",22.28
"2020-07-03T19:10:14.000Z","thermometer","temperature_min","°C",22.17
"2020-07-03T19:10:14.000Z","thermometer","temperature_min","°C",22.17
"2020-07-03T19:15:13.000Z","thermometer","temperature_min","°C",22.01
"2020-07-03T19:20:18.000Z","thermometer","temperature_min","°C",21.91
"2020-07-03T19:25:13.000Z","thermometer","temperature_min","°C",21.78
"2020-07-03T19:30:14.000Z","thermometer","temperature_min","°C",21.64
"2020-07-03T19:35:13.000Z","thermometer","temperature_min","°C",21.6
"2020-07-03T19:40:14.000Z","thermometer","temperature_min","°C",21.64
"2020-07-03T19:45:13.000Z","thermometer","temperature_min","°C",21.64
"2020-07-03T19:50:14.000Z","thermometer","temperature_min","°C",21.74
"2020-07-03T19:55:14.000Z","thermometer","temperature_min","°C",21.68
"2020-07-03T20:00:28.000Z","thermometer","temperature_min","°C",21.57
"2020-07-03T20:05:14.000Z","thermometer","temperature_min","°C",21.37
"2020-07-03T20:10:13.000Z","thermometer","temperature_min","°C",21.23
"2020-07-03T20:15:14.000Z","thermometer","temperature_min","°C",21.06
"2020-07-03T20:20:13.000Z","thermometer","temperature_min","°C",20.94
"2020-07-03T20:25:14.000Z","thermometer","temperature_min","°C",20.93
"2020-07-03T20:30:14.000Z","thermometer","temperature_min","°C",20.85
"2020-07-03T20:35:13.000Z","thermometer","temperature_min","°C",20.79
"2020-07-03T20:40:13.000Z","thermometer","temperature_min","°C",20.7
"2020-07-03T20:45:14.000Z","thermometer","temperature_min","°C",20.49
"2020-07-03T20:50:14.000Z","thermometer","temperature_min","°C",20.3
"2020-07-03T20:55:13.000Z","thermometer","temperature_min","°C",20.12
"2020-07-03T21:00:14.000Z","thermometer","temperature_min","°C",20.02
"2020-07-03T21:05:13.000Z","thermometer","temperature_min","°C",20.1
"2020-07-03T21:10:14.000Z","thermometer","temperature_min","°C",20.02
"2020-07-03T21:15:13.000Z","thermometer","temperature_min","°C",19.78
"2020-07-03T21:20:15.000Z","thermometer","temperature_min","°C",19.64
"2020-07-03T21:25:13.000Z","thermometer","temperature_min","°C",19.52
"2020-07-03T21:30:13.000Z","thermometer","temperature_min","°C",19.24
"2020-07-03T21:35:13.000Z","thermometer","temperature_min","°C",19
"2020-07-03T21:40:15.000Z","thermometer","temperature_min","°C",18.74
"2020-07-03T21:45:13.000Z","thermometer","temperature_min","°C",18.49
"2020-07-03T21:50:13.000Z","thermometer","temperature_min","°C",18.36
"2020-07-03T21:55:15.000Z","thermometer","temperature_min","°C",18.31
"2020-07-03T22:00:12.000Z","thermometer","temperature_min","°C",18.34
"2020-07-03T22:05:14.000Z","thermometer","temperature_min","°C",18.4
"2020-07-03T22:10:21.000Z","thermometer","temperature_min","°C",18.49
"2020-07-03T22:15:15.000Z","thermometer","temperature_min","°C",18.59
"2020-07-03T22:20:28.000Z","thermometer","temperature_min","°C",18.7
"2020-07-03T22:25:14.000Z","thermometer","temperature_min","°C",18.72
"2020-07-03T22:30:13.000Z","thermometer","temperature_min","°C",18.83
"2020-07-03T22:35:13.000Z","thermometer","temperature_min","°C",18.7
"2020-07-03T22:40:15.000Z","thermometer","temperature_min","°C",18.72
"2020-07-03T22:45:12.000Z","thermometer","temperature_min","°C",18.77
"2020-07-03T22:50:16.000Z","thermometer","temperature_min","°C",18.77
"2020-07-03T22:55:14.000Z","thermometer","temperature_min","°C",18.86
"2020-07-03T23:00:13.000Z","thermometer","temperature_min","°C",18.75
"2020-07-03T23:05:14.000Z","thermometer","temperature_min","°C",18.8
"2020-07-03T23:10:13.000Z","thermometer","temperature_min","°C",18.46
"2020-07-03T23:15:14.000Z","thermometer","temperature_min","°C",18.28
"2020-07-03T23:20:13.000Z","thermometer","temperature_min","°C",18
"2020-07-03T23:25:14.000Z","thermometer","temperature_min","°C",17.79
"2020-07-03T23:30:13.000Z","thermometer","temperature_min","°C",17.58
"2020-07-03T23:35:13.000Z","thermometer","temperature_min","°C",17.47
"2020-07-03T23:40:14.000Z","thermometer","temperature_min","°C",17.5
"2020-07-03T23:45:15.000Z","thermometer","temperature_min","°C",17.58
"2020-07-03T23:50:13.000Z","thermometer","temperature_min","°C",17.78
"2020-07-03T23:55:13.000Z","thermometer","temperature_min","°C",17.88
"2020-07-04T00:00:15.000Z","thermometer","temperature_min","°C",17.82
"2020-07-04T00:05:12.000Z","thermometer","temperature_min","°C",17.65
"2020-07-04T00:10:14.000Z","thermometer","temperature_min","°C",17.58
"2020-07-04T00:15:13.000Z","thermometer","temperature_min","°C",17.48
"2020-07-04T00:20:15.000Z","thermometer","temperature_min","°C",17.5
"2020-07-04T00:25:13.000Z","thermometer","temperature_min","°C",17.61
"2020-07-04T00:30:13.000Z","thermometer","temperature_min","°C",17.84
"2020-07-04T00:35:14.000Z","thermometer","temperature_min","°C",18.09
"2020-07-04T00:40:13.000Z","thermometer","temperature_min","°C",18.43
"2020-07-04T00:45:14.000Z","thermometer","temperature_min","°C",18.67
"2020-07-04T00:50:13.000Z","thermometer","temperature_min","°C",18.7
"2020-07-04T00:55:15.000Z","thermometer","temperature_min","°C",18.82
"2020-07-04T01:05:13.000Z","thermometer","temperature_min","°C",19.06
"2020-07-04T01:10:13.000Z","thermometer","temperature_min","°C",19.13
"2020-07-04T01:15:14.000Z","thermometer","temperature_min","°C",19.12
"2020-07-04T01:20:14.000Z","thermometer","temperature_min","°C",18.91
"2020-07-04T01:25:13.000Z","thermometer","temperature_min","°C",18.7
"2020-07-04T01:30:31.000Z","thermometer","temperature_min","°C",18.5
"2020-07-04T01:35:12.000Z","thermometer","temperature_min","°C",18.32
"2020-07-04T01:40:15.000Z","thermometer","temperature_min","°C",18.17
"2020-07-04T01:50:13.000Z","thermometer","temperature_min","°C",17.62
"2020-07-04T01:55:16.000Z","thermometer","temperature_min","°C",17.48
"2020-07-04T02:00:13.000Z","thermometer","temperature_min","°C",17.43
"2020-07-04T02:05:14.000Z","thermometer","temperature_min","°C",17.19
"2020-07-04T02:10:13.000Z","thermometer","temperature_min","°C",16.96
"2020-07-04T02:15:14.000Z","thermometer","temperature_min","°C",16.89
"2020-07-04T02:20:13.000Z","thermometer","temperature_min","°C",16.84
"2020-07-04T02:25:14.000Z","thermometer","temperature_min","°C",16.77
"2020-07-04T02:30:13.000Z","thermometer","temperature_min","°C",16.81
"2020-07-04T02:35:15.000Z","thermometer","temperature_min","°C",16.96
"2020-07-04T02:40:13.000Z","thermometer","temperature_min","°C",17.23
"2020-07-04T02:45:13.000Z","thermometer","temperature_min","°C",17.4
"2020-07-04T02:50:14.000Z","thermometer","temperature_min","°C",17.46
"2020-07-04T02:55:13.000Z","thermometer","temperature_min","°C",17.5
"2020-07-04T03:00:15.000Z","thermometer","temperature_min","°C",17.62
"2020-07-04T03:05:12.000Z","thermometer","temperature_min","°C",17.93
"2020-07-04T03:10:14.000Z","thermometer","temperature_min","°C",18.17
"2020-07-04T03:15:13.000Z","thermometer","temperature_min","°C",18.37
"2020-07-04T03:20:14.000Z","thermometer","temperature_min","°C",18.58
"2020-07-04T03:25:14.000Z","thermometer","temperature_min","°C",18.74
"2020-07-04T03:30:13.000Z","thermometer","temperature_min","°C",18.89
"2020-07-04T03:35:14.000Z","thermometer","temperature_min","°C",18.96
"2020-07-04T03:40:13.000Z","thermometer","temperature_min","°C",19
"2020-07-04T03:45:15.000Z","thermometer","temperature_min","°C",18.94
"2020-07-04T03:50:13.000Z","thermometer","temperature_min","°C",18.9
"2020-07-04T03:55:13.000Z","thermometer","temperature_min","°C",18.88
"2020-07-04T04:00:13.000Z","thermometer","temperature_min","°C",18.91
"2020-07-04T04:05:15.000Z","thermometer","temperature_min","°C",18.93
"2020-07-04T04:10:13.000Z","thermometer","temperature_min","°C",18.99
"2020-07-04T04:15:13.000Z","thermometer","temperature_min","°C",19.21
"2020-07-04T04:20:14.000Z","thermometer","temperature_min","°C",19.46
"2020-07-04T04:25:28.000Z","thermometer","temperature_min","°C",19.64
"2020-07-04T04:25:28.000Z","thermometer","temperature_min","°C",19.64
"2020-07-04T04:30:14.000Z","thermometer","temperature_min","°C",19.97
"2020-07-04T04:35:13.000Z","thermometer","temperature_min","°C",20.16
"2020-07-04T04:40:13.000Z","thermometer","temperature_min","°C",20.33
"2020-07-04T04:45:14.000Z","thermometer","temperature_min","°C",20.8
"2020-07-04T04:50:14.000Z","thermometer","temperature_min","°C",21.27
"2020-07-04T04:55:13.000Z","thermometer","temperature_min","°C",21.35
"2020-07-04T05:00:14.000Z","thermometer","temperature_min","°C",21.22
"2020-07-04T05:05:14.000Z","thermometer","temperature_min","°C",21.32
"2020-07-04T05:10:13.000Z","thermometer","temperature_min","°C",21.35
"2020-07-04T05:15:13.000Z","thermometer","temperature_min","°C",22.05
"2020-07-04T05:20:14.000Z","thermometer","temperature_min","°C",22.44
"2020-07-04T05:25:14.000Z","thermometer","temperature_min","°C",21.74
"2020-07-04T05:30:13.000Z","thermometer","temperature_min","°C",21.14
"2020-07-04T05:35:14.000Z","thermometer","temperature_min","°C",21.34
"2020-07-04T05:40:14.000Z","thermometer","temperature_min","°C",21.52
"2020-07-04T05:45:13.000Z","thermometer","temperature_min","°C",21.74
"2020-07-04T05:45:13.000Z","thermometer","temperature_min","°C",21.74
"2020-07-04T05:50:13.000Z","thermometer","temperature_min","°C",21.92
"2020-07-04T05:55:14.000Z","thermometer","temperature_min","°C",22.24
"2020-07-04T06:00:14.000Z","thermometer","temperature_min","°C",22.3
"2020-07-04T06:05:13.000Z","thermometer","temperature_min","°C",22.29
"2020-07-04T06:10:13.000Z","thermometer","temperature_min","°C",22.56
"2020-07-04T06:15:14.000Z","thermometer","temperature_min","°C",22.94
"2020-07-04T06:20:14.000Z","thermometer","temperature_min","°C",23.2
"2020-07-04T06:30:15.000Z","thermometer","temperature_min","°C",23.12
"2020-07-04T06:35:13.000Z","thermometer","temperature_min","°C",23.59
"2020-07-04T06:40:13.000Z","thermometer","temperature_min","°C",23.59
"2020-07-04T06:45:13.000Z","thermometer","temperature_min","°C",23.81
"2020-07-04T06:50:14.000Z","thermometer","temperature_min","°C",23.78
"2020-07-04T06:55:13.000Z","thermometer","temperature_min","°C",24.03
"2020-07-04T07:00:14.000Z","thermometer","temperature_min","°C",24.24
"2020-07-04T07:05:14.000Z","thermometer","temperature_min","°C",24.61
"2020-07-04T07:10:13.000Z","thermometer","temperature_min","°C",24.58
"2020-07-04T07:10:13.000Z","thermometer","temperature_min","°C",24.58
"2020-07-04T07:15:14.000Z","thermometer","temperature_min","°C",24.7
"2020-07-04T07:20:13.000Z","thermometer","temperature_min","°C",24.94
"2020-07-04T07:25:14.000Z","thermometer","temperature_min","°C",25.06
"2020-07-04T07:30:13.000Z","thermometer","temperature_min","°C",25.42
"2020-07-04T07:35:14.000Z","thermometer","temperature_min","°C",25.26
"2020-07-04T07:40:13.000Z","thermometer","temperature_min","°C",25.51
"2020-07-04T07:45:14.000Z","thermometer","temperature_min","°C",25.69
"2020-07-04T07:50:13.000Z","thermometer","temperature_min","°C",25.14
"2020-07-04T07:55:15.000Z","thermometer","temperature_min","°C",25.06
"2020-07-04T08:00:13.000Z","thermometer","temperature_min","°C",25.41
"2020-07-04T08:05:13.000Z","thermometer","temperature_min","°C",25.46
"2020-07-04T08:10:15.000Z","thermometer","temperature_min","°C",25.87
"2020-07-04T08:15:12.000Z","thermometer","temperature_min","°C",26.2
"2020-07-04T08:20:13.000Z","thermometer","temperature_min","°C",25.95
"2020-07-04T08:25:15.000Z","thermometer","temperature_min","°C",26.46
"2020-07-04T08:30:13.000Z","thermometer","temperature_min","°C",26.16
"2020-07-04T08:35:19.000Z","thermometer","temperature_min","°C",26.34
"2020-07-04T08:40:31.000Z","thermometer","temperature_min","°C",26.22
"2020-07-04T08:45:13.000Z","thermometer","temperature_min","°C",26.16
"2020-07-04T08:50:13.000Z","thermometer","temperature_min","°C",25.46
"2020-07-04T08:55:15.000Z","thermometer","temperature_min","°C",25.32
"2020-07-04T09:00:13.000Z","thermometer","temperature_min","°C",25.48
"2020-07-04T09:05:13.000Z","thermometer","temperature_min","°C",25.05
"2020-07-04T09:10:14.000Z","thermometer","temperature_min","°C",25.14
"2020-07-04T09:15:28.000Z","thermometer","temperature_min","°C",25.22
"2020-07-04T09:20:14.000Z","thermometer","temperature_min","°C",26.21
"2020-07-04T09:25:13.000Z","thermometer","temperature_min","°C",26.75
"2020-07-04T09:25:13.000Z","thermometer","temperature_min","°C",26.75
"2020-07-04T09:30:15.000Z","thermometer","temperature_min","°C",26.73
"2020-07-04T09:35:13.000Z","thermometer","temperature_min","°C",27.4
"2020-07-04T09:40:13.000Z","thermometer","temperature_min","°C",27.89
"2020-07-04T09:45:14.000Z","thermometer","temperature_min","°C",27.31
"2020-07-04T09:50:13.000Z","thermometer","temperature_min","°C",27.9
"2020-07-04T09:55:14.000Z","thermometer","temperature_min","°C",28.36
"2020-07-04T10:00:13.000Z","thermometer","temperature_min","°C",28.5
"2020-07-04T10:05:14.000Z","thermometer","temperature_min","°C",28.7
"2020-07-04T10:10:13.000Z","thermometer","temperature_min","°C",29.18
"2020-07-04T10:15:15.000Z","thermometer","temperature_min","°C",29.5
"2020-07-04T10:20:13.000Z","thermometer","temperature_min","°C",29.06
"2020-07-04T10:25:13.000Z","thermometer","temperature_min","°C",28.87
"2020-07-04T10:30:14.000Z","thermometer","temperature_min","°C",27.02
"2020-07-04T10:35:13.000Z","thermometer","temperature_min","°C",27.12
"2020-07-04T10:40:13.000Z","thermometer","temperature_min","°C",27.92
"2020-07-04T10:45:14.000Z","thermometer","temperature_min","°C",28.14
"2020-07-04T10:50:14.000Z","thermometer","temperature_min","°C",26.9
"2020-07-04T10:55:13.000Z","thermometer","temperature_min","°C",26.77
"2020-07-04T11:00:14.000Z","thermometer","temperature_min","°C",26.52
"2020-07-04T11:05:13.000Z","thermometer","temperature_min","°C",26.21
"2020-07-04T11:10:15.000Z","thermometer","temperature_min","°C",25.17
"2020-07-04T11:20:13.000Z","thermometer","temperature_min","°C",24.82
"2020-07-04T11:25:14.000Z","thermometer","temperature_min","°C",24.69
"2020-07-04T11:30:13.000Z","thermometer","temperature_min","°C",24.58
"2020-07-04T11:35:15.000Z","thermometer","temperature_min","°C",24.46
"2020-07-04T11:40:13.000Z","thermometer","temperature_min","°C",23.66
"2020-07-04T11:45:13.000Z","thermometer","temperature_min","°C",21.76
"2020-07-04T11:50:13.000Z","thermometer","temperature_min","°C",20.93
"2020-07-04T11:55:15.000Z","thermometer","temperature_min","°C",20.68
"2020-07-04T12:00:13.000Z","thermometer","temperature_min","°C",19.97
"2020-07-04T12:05:13.000Z","thermometer","temperature_min","°C",19.43
"2020-07-04T12:10:14.000Z","thermometer","temperature_min","°C",19.25
"2020-07-04T12:15:13.000Z","thermometer","temperature_min","°C",19.24
"2020-07-04T12:20:15.000Z","thermometer","temperature_min","°C",19.05
"2020-07-04T12:25:13.000Z","thermometer","temperature_min","°C",18.94
"2020-07-04T12:30:13.000Z","thermometer","temperature_min","°C",19
"2020-07-04T12:35:14.000Z","thermometer","temperature_min","°C",19.09
"2020-07-04T12:40:16.000Z","thermometer","temperature_min","°C",18.29
"2020-07-04T12:45:13.000Z","thermometer","temperature_min","°C",17.82
"2020-07-04T12:50:13.000Z","thermometer","temperature_min","°C",17.74
"2020-07-04T12:55:15.000Z","thermometer","temperature_min","°C",17.55
"2020-07-04T13:00:13.000Z","thermometer","temperature_min","°C",17.02
"2020-07-04T13:05:12.000Z","thermometer","temperature_min","°C",16.76
"2020-07-04T13:10:14.000Z","thermometer","temperature_min","°C",16.84
"2020-07-04T13:15:15.000Z","thermometer","temperature_min","°C",17.04
"2020-07-04T13:20:13.000Z","thermometer","temperature_min","°C",17.08
"2020-07-04T13:25:13.000Z","thermometer","temperature_min","°C",17.11
"2020-07-04T13:30:14.000Z","thermometer","temperature_min","°C",17.06
"2020-07-04T13:35:13.000Z","thermometer","temperature_min","°C",17.03
"2020-07-04T13:40:15.000Z","thermometer","temperature_min","°C",17.19
"2020-07-04T13:45:13.000Z","thermometer","temperature_min","°C",17.28
"2020-07-04T13:50:13.000Z","thermometer","temperature_min","°C",17.23
"2020-07-04T13:55:13.000Z","thermometer","temperature_min","°C",17.31
"2020-07-04T14:00:15.000Z","thermometer","temperature_min","°C",17.41
"2020-07-04T14:05:28.000Z","thermometer","temperature_min","°C",17.41
"2020-07-04T14:10:14.000Z","thermometer","temperature_min","°C",17.47
"2020-07-04T14:15:13.000Z","thermometer","temperature_min","°C",17.56
"2020-07-04T14:20:13.000Z","thermometer","temperature_min","°C",17.78
"2020-07-04T14:25:15.000Z","thermometer","temperature_min","°C",17.64
"2020-07-04T14:30:13.000Z","thermometer","temperature_min","°C",17.71
"2020-07-04T14:35:13.000Z","thermometer","temperature_min","°C",17.8
"2020-07-04T14:40:13.000Z","thermometer","temperature_min","°C",17.84
"2020-07-04T14:45:14.000Z","thermometer","temperature_min","°C",17.98
"2020-07-04T14:50:13.000Z","thermometer","temperature_min","°C",18.34
"2020-07-04T14:55:14.000Z","thermometer","temperature_min","°C",18.42
"2020-07-04T15:00:13.000Z","thermometer","temperature_min","°C",18.64
"2020-07-04T15:05:14.000Z","thermometer","temperature_min","°C",18.79
"2020-07-04T15:10:13.000Z","thermometer","temperature_min","°C",18.98
"2020-07-04T15:15:15.000Z","thermometer","temperature_min","°C",19.28
"2020-07-04T15:20:13.000Z","thermometer","temperature_min","°C",19.55
"2020-07-04T15:25:14.000Z","thermometer","temperature_min","°C",19.52
"2020-07-04T15:25:14.000Z","thermometer","temperature_min","°C",19.52
"2020-07-04T15:30:14.000Z","thermometer","temperature_min","°C",19.63
"2020-07-04T15:35:13.000Z","thermometer","temperature_min","°C",19.92
"2020-07-04T15:40:13.000Z","thermometer","temperature_min","°C",20.56
"2020-07-04T15:45:13.000Z","thermometer","temperature_min","°C",21.04
"2020-07-04T15:50:14.000Z","thermometer","temperature_min","°C",21.24
"2020-07-04T15:55:15.000Z","thermometer","temperature_min","°C",21.52
"2020-07-04T16:00:13.000Z","thermometer","temperature_min","°C",21.84
"2020-07-04T16:05:13.000Z","thermometer","temperature_min","°C",21.78
"2020-07-04T16:10:13.000Z","thermometer","temperature_min","°C",22.19
"2020-07-04T16:15:15.000Z","thermometer","temperature_min","°C",21.82
"2020-07-04T16:20:13.000Z","thermometer","temperature_min","°C",22.25
"2020-07-04T16:25:13.000Z","thermometer","temperature_min","°C",22.45
"2020-07-04T16:30:13.000Z","thermometer","temperature_min","°C",22.25
"2020-07-04T16:35:14.000Z","thermometer","temperature_min","°C",22.15
"2020-07-04T16:40:14.000Z","thermometer","temperature_min","°C",22.47
"2020-07-04T16:45:13.000Z","thermometer","temperature_min","°C",22.34
"2020-07-04T16:50:14.000Z","thermometer","temperature_min","°C",22.33
"2020-07-04T16:55:14.000Z","thermometer","temperature_min","°C",22.66
"2020-07-04T17:00:13.000Z","thermometer","temperature_min","°C",22.61
"2020-07-04T17:05:14.000Z","thermometer","temperature_min","°C",22.89
"2020-07-04T17:10:13.000Z","thermometer","temperature_min","°C",22.84
"2020-07-04T17:15:13.000Z","thermometer","temperature_min","°C",22.58
"2020-07-04T17:20:15.000Z","thermometer","temperature_min","°C",22.67
"2020-07-04T17:25:13.000Z","thermometer","temperature_min","°C",22.92
"2020-07-04T17:30:13.000Z","thermometer","temperature_min","°C",22.6
"2020-07-04T17:35:15.000Z","thermometer","temperature_min","°C",22.47
"2020-07-04T17:40:13.000Z","thermometer","temperature_min","°C",22.33
"2020-07-04T17:45:13.000Z","thermometer","temperature_min","°C",22.36
"2020-07-04T17:50:13.000Z","thermometer","temperature_min","°C",22.21
"2020-07-04T17:55:15.000Z","thermometer","temperature_min","°C",22.28
"2020-07-04T18:00:13.000Z","thermometer","temperature_min","°C",22.2
"2020-07-04T18:05:14.000Z","thermometer","temperature_min","°C",21.93
"2020-07-04T18:10:13.000Z","thermometer","temperature_min","°C",21.62
"2020-07-04T18:15:14.000Z","thermometer","temperature_min","°C",20.99
"2020-07-04T18:20:13.000Z","thermometer","temperature_min","°C",20.43
"2020-07-04T18:25:14.000Z","thermometer","temperature_min","°C",20.13
"2020-07-04T18:30:13.000Z","thermometer","temperature_min","°C",19.84
"2020-07-04T18:35:14.000Z","thermometer","temperature_min","°C",19.6
"2020-07-04T18:40:14.000Z","thermometer","temperature_min","°C",19.41
"2020-07-04T18:45:13.000Z","thermometer","temperature_min","°C",19.24
"2020-07-04T18:50:13.000Z","thermometer","temperature_min","°C",19.07
"2020-07-04T18:55:14.000Z","thermometer","temperature_min","°C",18.92
"2020-07-04T19:00:13.000Z","thermometer","temperature_min","°C",18.72
"2020-07-04T19:05:15.000Z","thermometer","temperature_min","°C",18.66
"2020-07-04T19:10:13.000Z","thermometer","temperature_min","°C",18.48
"2020-07-04T19:15:13.000Z","thermometer","temperature_min","°C",18.37
"2020-07-04T19:20:14.000Z","thermometer","temperature_min","°C",18.28
"2020-07-04T19:25:13.000Z","thermometer","temperature_min","°C",18.19
"2020-07-04T19:30:14.000Z","thermometer","temperature_min","°C",17.95
"2020-07-04T19:35:13.000Z","thermometer","temperature_min","°C",17.82
"2020-07-04T19:40:15.000Z","thermometer","temperature_min","°C",17.76
"2020-07-04T19:45:13.000Z","thermometer","temperature_min","°C",17.7
"2020-07-04T19:50:13.000Z","thermometer","temperature_min","°C",17.61
"2020-07-04T19:55:15.000Z","thermometer","temperature_min","°C",17.36
"2020-07-04T20:00:12.000Z","thermometer","temperature_min","°C",17.16
"2020-07-04T20:05:15.000Z","thermometer","temperature_min","°C",17.12
"2020-07-04T20:10:13.000Z","thermometer","temperature_min","°C",17.02
"2020-07-04T20:15:13.000Z","thermometer","temperature_min","°C",16.8
"2020-07-04T20:20:28.000Z","thermometer","temperature_min","°C",16.66
"2020-07-04T20:25:15.000Z","thermometer","temperature_min","°C",16.52
"2020-07-04T20:30:13.000Z","thermometer","temperature_min","°C",16.56
"2020-07-04T20:35:13.000Z","thermometer","temperature_min","°C",16.62
"2020-07-04T20:40:15.000Z","thermometer","temperature_min","°C",16.71
"2020-07-04T20:45:13.000Z","thermometer","temperature_min","°C",16.66
"2020-07-04T20:50:13.000Z","thermometer","temperature_min","°C",16.62
"2020-07-04T20:55:13.000Z","thermometer","temperature_min","°C",16.56
"2020-07-04T21:00:15.000Z","thermometer","temperature_min","°C",16.56
"2020-07-04T21:05:13.000Z","thermometer","temperature_min","°C",16.67
"2020-07-04T21:10:13.000Z","thermometer","temperature_min","°C",16.77
"2020-07-04T21:15:14.000Z","thermometer","temperature_min","°C",16.73
"2020-07-04T21:20:14.000Z","thermometer","temperature_min","°C",16.64
"2020-07-04T21:25:13.000Z","thermometer","temperature_min","°C",16.59
"2020-07-04T21:30:13.000Z","thermometer","temperature_min","°C",16.51
"2020-07-04T21:35:14.000Z","thermometer","temperature_min","°C",16.46
"2020-07-04T21:40:14.000Z","thermometer","temperature_min","°C",16.42
"2020-07-04T21:45:13.000Z","thermometer","temperature_min","°C",16.44
"2020-07-04T21:50:14.000Z","thermometer","temperature_min","°C",16.37
"2020-07-04T21:55:13.000Z","thermometer","temperature_min","°C",16.3
"2020-07-04T22:00:14.000Z","thermometer","temperature_min","°C",16.29
"2020-07-04T22:05:13.000Z","thermometer","temperature_min","°C",16.34
"2020-07-04T22:10:14.000Z","thermometer","temperature_min","°C",16.35
"2020-07-04T22:15:13.000Z","thermometer","temperature_min","°C",16.36
"2020-07-04T22:20:14.000Z","thermometer","temperature_min","°C",16.3
"2020-07-04T22:25:23.000Z","thermometer","temperature_min","°C",16.24
"2020-07-04T22:30:12.000Z","thermometer","temperature_min","°C",16.27
"2020-07-04T22:35:14.000Z","thermometer","temperature_min","°C",16.27
"2020-07-04T22:40:13.000Z","thermometer","temperature_min","°C",16.17
"2020-07-04T22:45:14.000Z","thermometer","temperature_min","°C",16.14
"2020-07-04T22:50:13.000Z","thermometer","temperature_min","°C",16.1
"2020-07-04T22:55:15.000Z","thermometer","temperature_min","°C",16.02
"2020-07-04T23:00:13.000Z","thermometer","temperature_min","°C",15.85
"2020-07-04T23:05:28.000Z","thermometer","temperature_min","°C",15.72
"2020-07-04T23:10:14.000Z","thermometer","temperature_min","°C",15.7
"2020-07-04T23:15:13.000Z","thermometer","temperature_min","°C",15.61
"2020-07-04T23:20:15.000Z","thermometer","temperature_min","°C",15.55
"2020-07-04T23:25:12.000Z","thermometer","temperature_min","°C",15.46
"2020-07-04T23:30:14.000Z","thermometer","temperature_min","°C",15.3
"2020-07-04T23:35:13.000Z","thermometer","temperature_min","°C",15.22
"2020-07-04T23:40:15.000Z","thermometer","temperature_min","°C",15.16
"2020-07-04T23:45:13.000Z","thermometer","temperature_min","°C",15.12
"2020-07-04T23:50:13.000Z","thermometer","temperature_min","°C",15.1
"2020-07-04T23:55:15.000Z","thermometer","temperature_min","°C",15.02
"2020-07-05T00:00:12.000Z","thermometer","temperature_min","°C",15.04
"2020-07-05T00:05:14.000Z","thermometer","temperature_min","°C",14.94
"2020-07-05T00:10:13.000Z","thermometer","temperature_min","°C",14.89
"2020-07-05T00:15:15.000Z","thermometer","temperature_min","°C",14.99
"2020-07-05T00:20:13.000Z","thermometer","temperature_min","°C",15.16
"2020-07-05T00:25:14.000Z","thermometer","temperature_min","°C",15.22
"2020-07-05T00:30:13.000Z","thermometer","temperature_min","°C",15.06
"2020-07-05T00:35:13.000Z","thermometer","temperature_min","°C",15.16
"2020-07-05T00:40:14.000Z","thermometer","temperature_min","°C",15.06
"2020-07-05T00:45:13.000Z","thermometer","temperature_min","°C",15.06
"2020-07-05T00:50:15.000Z","thermometer","temperature_min","°C",14.89
"2020-07-05T00:55:13.000Z","thermometer","temperature_min","°C",14.94
"2020-07-05T01:00:13.000Z","thermometer","temperature_min","°C",15.19
"2020-07-05T01:05:13.000Z","thermometer","temperature_min","°C",15.27
"2020-07-05T01:10:15.000Z","thermometer","temperature_min","°C",15.31
"2020-07-05T01:15:13.000Z","thermometer","temperature_min","°C",15.3
"2020-07-05T01:20:14.000Z","thermometer","temperature_min","°C",15.08
"2020-07-05T01:25:13.000Z","thermometer","temperature_min","°C",15.2
"2020-07-05T01:30:13.000Z","thermometer","temperature_min","°C",15.23
"2020-07-05T01:35:13.000Z","thermometer","temperature_min","°C",15.22
"2020-07-05T01:40:14.000Z","thermometer","temperature_min","°C",15.28
"2020-07-05T01:50:13.000Z","thermometer","temperature_min","°C",15.02
"2020-07-05T01:55:13.000Z","thermometer","temperature_min","°C",14.82
"2020-07-05T02:00:15.000Z","thermometer","temperature_min","°C",14.8
"2020-07-05T02:05:12.000Z","thermometer","temperature_min","°C",14.81
"2020-07-05T02:10:14.000Z","thermometer","temperature_min","°C",15.24
"2020-07-05T02:15:13.000Z","thermometer","temperature_min","°C",14.81
"2020-07-05T02:20:15.000Z","thermometer","temperature_min","°C",14.68
"2020-07-05T02:25:12.000Z","thermometer","temperature_min","°C",14.72
"2020-07-05T02:30:14.000Z","thermometer","temperature_min","°C",14.89
"2020-07-05T02:35:14.000Z","thermometer","temperature_min","°C",15.02
"2020-07-05T02:40:14.000Z","thermometer","temperature_min","°C",15.3
"2020-07-05T02:45:13.000Z","thermometer","temperature_min","°C",15.6
"2020-07-05T02:50:13.000Z","thermometer","temperature_min","°C",15.98
"2020-07-05T02:55:15.000Z","thermometer","temperature_min","°C",15.94
"2020-07-05T03:00:12.000Z","thermometer","temperature_min","°C",15.97
"2020-07-05T03:05:15.000Z","thermometer","temperature_min","°C",16.07
"2020-07-05T03:10:13.000Z","thermometer","temperature_min","°C",16.21
"2020-07-05T03:15:13.000Z","thermometer","temperature_min","°C",15.84
"2020-07-05T03:20:14.000Z","thermometer","temperature_min","°C",15.11
"2020-07-05T03:25:13.000Z","thermometer","temperature_min","°C",14.76
"2020-07-05T03:25:13.000Z","thermometer","temperature_min","°C",14.76
"2020-07-05T03:30:14.000Z","thermometer","temperature_min","°C",14.43
"2020-07-05T03:35:13.000Z","thermometer","temperature_min","°C",14.25
"2020-07-05T03:40:15.000Z","thermometer","temperature_min","°C",14.05
"2020-07-05T03:45:13.000Z","thermometer","temperature_min","°C",13.98
"2020-07-05T03:50:13.000Z","thermometer","temperature_min","°C",13.9
"2020-07-05T03:55:14.000Z","thermometer","temperature_min","°C",13.72
"2020-07-05T04:00:13.000Z","thermometer","temperature_min","°C",13.64
"2020-07-05T04:05:19.000Z","thermometer","temperature_min","°C",13.55
"2020-07-05T04:10:19.000Z","thermometer","temperature_min","°C",13.65
"2020-07-05T04:15:12.000Z","thermometer","temperature_min","°C",13.86
"2020-07-05T04:20:15.000Z","thermometer","temperature_min","°C",14.04
"2020-07-05T04:25:13.000Z","thermometer","temperature_min","°C",14.47
"2020-07-05T04:30:14.000Z","thermometer","temperature_min","°C",14.75
"2020-07-05T04:35:14.000Z","thermometer","temperature_min","°C",15.52
"2020-07-05T04:40:13.000Z","thermometer","temperature_min","°C",16.39
"2020-07-05T04:45:14.000Z","thermometer","temperature_min","°C",17.19
"2020-07-05T04:50:13.000Z","thermometer","temperature_min","°C",17.82
"2020-07-05T04:55:13.000Z","thermometer","temperature_min","°C",18.29
"2020-07-05T05:00:14.000Z","thermometer","temperature_min","°C",18.93
"2020-07-05T05:05:28.000Z","thermometer","temperature_min","°C",19.29
"2020-07-05T05:10:15.000Z","thermometer","temperature_min","°C",19.38
"2020-07-05T05:15:15.000Z","thermometer","temperature_min","°C",19.66
"2020-07-05T05:20:14.000Z","thermometer","temperature_min","°C",19.74
"2020-07-05T05:25:14.000Z","thermometer","temperature_min","°C",19.8
"2020-07-05T05:30:12.000Z","thermometer","temperature_min","°C",20.05
"2020-07-05T05:35:14.000Z","thermometer","temperature_min","°C",20.04
"2020-07-05T05:40:14.000Z","thermometer","temperature_min","°C",20.03
"2020-07-05T05:45:14.000Z","thermometer","temperature_min","°C",20.24
"2020-07-05T05:50:12.000Z","thermometer","temperature_min","°C",20.44
"2020-07-05T05:55:14.000Z","thermometer","temperature_min","°C",20.72
"2020-07-05T06:00:14.000Z","thermometer","temperature_min","°C",21.06
"2020-07-05T06:05:14.000Z","thermometer","temperature_min","°C",21.18
"2020-07-05T06:10:13.000Z","thermometer","temperature_min","°C",21.34
"2020-07-05T06:15:14.000Z","thermometer","temperature_min","°C",21.5
"2020-07-05T06:20:13.000Z","thermometer","temperature_min","°C",21.69
"2020-07-05T06:25:14.000Z","thermometer","temperature_min","°C",21.86
"2020-07-05T06:30:13.000Z","thermometer","temperature_min","°C",21.96
"2020-07-05T06:35:14.000Z","thermometer","temperature_min","°C",22.16
"2020-07-05T06:40:13.000Z","thermometer","temperature_min","°C",22.43
"2020-07-05T06:45:14.000Z","thermometer","temperature_min","°C",22.55
"2020-07-05T06:50:14.000Z","thermometer","temperature_min","°C",22.53
"2020-07-05T06:55:13.000Z","thermometer","temperature_min","°C",22.82
"2020-07-05T07:00:14.000Z","thermometer","temperature_min","°C",22.89
"2020-07-05T07:05:13.000Z","thermometer","temperature_min","°C",22.65
"2020-07-05T07:10:15.000Z","thermometer","temperature_min","°C",22.74
"2020-07-05T07:15:12.000Z","thermometer","temperature_min","°C",23.24
"2020-07-05T07:20:14.000Z","thermometer","temperature_min","°C",23.31
"2020-07-05T07:25:13.000Z","thermometer","temperature_min","°C",23.48
"2020-07-05T07:30:18.000Z","thermometer","temperature_min","°C",23.54
"2020-07-05T07:35:14.000Z","thermometer","temperature_min","°C",23.66
"2020-07-05T07:40:13.000Z","thermometer","temperature_min","°C",23.84
"2020-07-05T07:50:13.000Z","thermometer","temperature_min","°C",24.43
"2020-07-05T07:55:14.000Z","thermometer","temperature_min","°C",24.5
"2020-07-05T08:00:13.000Z","thermometer","temperature_min","°C",24.22
"2020-07-05T08:05:31.000Z","thermometer","temperature_min","°C",24.32
"2020-07-05T08:10:13.000Z","thermometer","temperature_min","°C",24.64
"2020-07-05T08:15:13.000Z","thermometer","temperature_min","°C",24.69
"2020-07-05T08:20:14.000Z","thermometer","temperature_min","°C",25.12
"2020-07-05T08:25:13.000Z","thermometer","temperature_min","°C",25.12
"2020-07-05T08:30:14.000Z","thermometer","temperature_min","°C",25.16
"2020-07-05T08:35:13.000Z","thermometer","temperature_min","°C",25.18
"2020-07-05T08:40:14.000Z","thermometer","temperature_min","°C",25.27
"2020-07-05T08:40:14.000Z","thermometer","temperature_min","°C",25.27
"2020-07-05T08:45:13.000Z","thermometer","temperature_min","°C",25.42
"2020-07-05T08:50:15.000Z","thermometer","temperature_min","°C",25.74
"2020-07-05T08:55:13.000Z","thermometer","temperature_min","°C",25.39
"2020-07-05T09:00:13.000Z","thermometer","temperature_min","°C",25.84
"2020-07-05T09:05:15.000Z","thermometer","temperature_min","°C",25.96
"2020-07-05T09:10:12.000Z","thermometer","temperature_min","°C",26.2
"2020-07-05T09:15:14.000Z","thermometer","temperature_min","°C",26.33
"2020-07-05T09:20:19.000Z","thermometer","temperature_min","°C",26.64
"2020-07-05T09:25:31.000Z","thermometer","temperature_min","°C",26.34
"2020-07-05T09:30:12.000Z","thermometer","temperature_min","°C",26.45
"2020-07-05T09:35:14.000Z","thermometer","temperature_min","°C",26.7
"2020-07-05T09:40:13.000Z","thermometer","temperature_min","°C",27.06
"2020-07-05T09:45:14.000Z","thermometer","temperature_min","°C",26.52
"2020-07-05T09:45:14.000Z","thermometer","temperature_min","°C",26.52
"2020-07-05T09:50:14.000Z","thermometer","temperature_min","°C",26.89
"2020-07-05T09:55:13.000Z","thermometer","temperature_min","°C",26.96
"2020-07-05T10:00:14.000Z","thermometer","temperature_min","°C",26.92
"2020-07-05T10:05:13.000Z","thermometer","temperature_min","°C",26.91
"2020-07-05T10:10:13.000Z","thermometer","temperature_min","°C",27.06
"2020-07-05T10:15:15.000Z","thermometer","temperature_min","°C",27.35
"2020-07-05T10:20:13.000Z","thermometer","temperature_min","°C",27.43
"2020-07-05T10:25:13.000Z","thermometer","temperature_min","°C",27.5
"2020-07-05T10:30:31.000Z","thermometer","temperature_min","°C",27.32
"2020-07-05T10:35:13.000Z","thermometer","temperature_min","°C",27.54
"2020-07-05T10:40:13.000Z","thermometer","temperature_min","°C",27.56
"2020-07-05T10:45:15.000Z","thermometer","temperature_min","°C",27.58
"2020-07-05T10:50:13.000Z","thermometer","temperature_min","°C",27.31
"2020-07-05T11:00:15.000Z","thermometer","temperature_min","°C",27.99
"2020-07-05T11:05:12.000Z","thermometer","temperature_min","°C",27.96
"2020-07-05T11:10:14.000Z","thermometer","temperature_min","°C",28.18
"2020-07-05T11:15:13.000Z","thermometer","temperature_min","°C",28.06
"2020-07-05T11:20:15.000Z","thermometer","temperature_min","°C",28.1
"2020-07-05T11:25:12.000Z","thermometer","temperature_min","°C",28.2
"2020-07-05T11:30:14.000Z","thermometer","temperature_min","°C",28.07
"2020-07-05T11:35:14.000Z","thermometer","temperature_min","°C",27.93
"2020-07-05T11:40:13.000Z","thermometer","temperature_min","°C",28.16
"2020-07-05T11:45:15.000Z","thermometer","temperature_min","°C",28.06
"2020-07-05T11:50:12.000Z","thermometer","temperature_min","°C",28.2
"2020-07-05T11:55:13.000Z","thermometer","temperature_min","°C",28.72
"2020-07-05T12:00:16.000Z","thermometer","temperature_min","°C",28.95
"2020-07-05T12:05:12.000Z","thermometer","temperature_min","°C",29.04
"2020-07-05T12:10:14.000Z","thermometer","temperature_min","°C",28.85
"2020-07-05T12:15:13.000Z","thermometer","temperature_min","°C",29.15
"2020-07-05T12:20:14.000Z","thermometer","temperature_min","°C",29.42
"2020-07-05T12:25:13.000Z","thermometer","temperature_min","°C",29.39
"2020-07-05T12:30:20.000Z","thermometer","temperature_min","°C",29.45
"2020-07-05T12:35:13.000Z","thermometer","temperature_min","°C",29.5
"2020-07-05T12:40:15.000Z","thermometer","temperature_min","°C",29.4
"2020-07-05T12:45:13.000Z","thermometer","temperature_min","°C",29.69
"2020-07-05T12:50:19.000Z","thermometer","temperature_min","°C",29.58
"2020-07-05T12:55:14.000Z","thermometer","temperature_min","°C",29.83
"2020-07-05T13:00:13.000Z","thermometer","temperature_min","°C",29.53
"2020-07-05T13:05:14.000Z","thermometer","temperature_min","°C",29.75
"2020-07-05T13:10:13.000Z","thermometer","temperature_min","°C",30.16
"2020-07-05T13:15:15.000Z","thermometer","temperature_min","°C",30.09
"2020-07-05T13:20:13.000Z","thermometer","temperature_min","°C",30.2
"2020-07-05T13:25:12.000Z","thermometer","temperature_min","°C",30.19
"2020-07-05T13:30:15.000Z","thermometer","temperature_min","°C",30.36
"2020-07-05T13:35:15.000Z","thermometer","temperature_min","°C",29.72
"2020-07-05T13:40:14.000Z","thermometer","temperature_min","°C",30.04
"2020-07-05T13:50:14.000Z","thermometer","temperature_min","°C",30.36
"2020-07-05T13:55:13.000Z","thermometer","temperature_min","°C",29.93
"2020-07-05T14:00:31.000Z","thermometer","temperature_min","°C",30.21
"2020-07-05T14:05:12.000Z","thermometer","temperature_min","°C",30.24
"2020-07-05T14:10:14.000Z","thermometer","temperature_min","°C",30.38
"2020-07-05T14:15:14.000Z","thermometer","temperature_min","°C",30.05
"2020-07-05T14:20:13.000Z","thermometer","temperature_min","°C",29.91
"2020-07-05T14:25:15.000Z","thermometer","temperature_min","°C",30.16
"2020-07-05T14:30:12.000Z","thermometer","temperature_min","°C",30.5
"2020-07-05T14:35:13.000Z","thermometer","temperature_min","°C",30.25
"2020-07-05T14:45:13.000Z","thermometer","temperature_min","°C",30.28
"2020-07-05T14:50:13.000Z","thermometer","temperature_min","°C",30.53
"2020-07-05T14:55:15.000Z","thermometer","temperature_min","°C",30.06
"2020-07-05T15:00:13.000Z","thermometer","temperature_min","°C",30.3
"2020-07-05T15:05:14.000Z","thermometer","temperature_min","°C",30.17
"2020-07-05T15:10:13.000Z","thermometer","temperature_min","°C",30.29
"2020-07-05T15:15:14.000Z","thermometer","temperature_min","°C",29.86
"2020-07-05T15:20:13.000Z","thermometer","temperature_min","°C",29.76
"2020-07-05T15:25:13.000Z","thermometer","temperature_min","°C",29.94
"2020-07-05T15:30:20.000Z","thermometer","temperature_min","°C",29.59
"2020-07-05T15:35:19.000Z","thermometer","temperature_min","°C",29.53
"2020-07-05T15:40:20.000Z","thermometer","temperature_min","°C",29.72
"2020-07-05T15:45:22.000Z","thermometer","temperature_min","°C",29.36
"2020-07-05T15:50:18.000Z","thermometer","temperature_min","°C",29.32
"2020-07-05T15:55:13.000Z","thermometer","temperature_min","°C",29.2
"2020-07-05T16:00:14.000Z","thermometer","temperature_min","°C",29.27
"2020-07-05T16:05:15.000Z","thermometer","temperature_min","°C",29.06
"2020-07-05T16:10:31.000Z","thermometer","temperature_min","°C",29.2
"2020-07-05T16:15:12.000Z","thermometer","temperature_min","°C",29.32
"2020-07-05T16:20:13.000Z","thermometer","temperature_min","°C",29.03
"2020-07-05T16:25:19.000Z","thermometer","temperature_min","°C",28.92
"2020-07-05T16:30:13.000Z","thermometer","temperature_min","°C",28.8
"2020-07-05T16:35:13.000Z","thermometer","temperature_min","°C",28.92
"2020-07-05T16:40:14.000Z","thermometer","temperature_min","°C",28.75
"2020-07-05T16:45:13.000Z","thermometer","temperature_min","°C",28.66
"2020-07-05T16:50:14.000Z","thermometer","temperature_min","°C",28.77
"2020-07-05T16:55:14.000Z","thermometer","temperature_min","°C",28.52
"2020-07-05T17:00:13.000Z","thermometer","temperature_min","°C",28.42
"2020-07-05T17:05:14.000Z","thermometer","temperature_min","°C",28.34
"2020-07-05T17:10:13.000Z","thermometer","temperature_min","°C",28.05
"2020-07-05T17:15:14.000Z","thermometer","temperature_min","°C",27.94
"2020-07-05T17:20:13.000Z","thermometer","temperature_min","°C",27.7
"2020-07-05T17:25:14.000Z","thermometer","temperature_min","°C",27.49
"2020-07-05T17:25:14.000Z","thermometer","temperature_min","°C",27.49
"2020-07-05T17:30:20.000Z","thermometer","temperature_min","°C",27.21
"2020-07-05T17:35:28.000Z","thermometer","temperature_min","°C",27.14
"2020-07-05T17:40:14.000Z","thermometer","temperature_min","°C",26.79
"2020-07-05T17:45:13.000Z","thermometer","temperature_min","°C",26.45
"2020-07-05T17:50:15.000Z","thermometer","temperature_min","°C",26.25
"2020-07-05T17:55:12.000Z","thermometer","temperature_min","°C",25.96
"2020-07-05T18:00:14.000Z","thermometer","temperature_min","°C",25.75
"2020-07-05T18:05:13.000Z","thermometer","temperature_min","°C",25.34
"2020-07-05T18:10:14.000Z","thermometer","temperature_min","°C",24.6
"2020-07-05T18:15:14.000Z","thermometer","temperature_min","°C",24.2
"2020-07-05T18:20:13.000Z","thermometer","temperature_min","°C",23.8
"2020-07-05T18:30:13.000Z","thermometer","temperature_min","°C",22.96
"2020-07-05T18:35:14.000Z","thermometer","temperature_min","°C",22.51
"2020-07-05T18:40:13.000Z","thermometer","temperature_min","°C",22.1
"2020-07-05T18:45:15.000Z","thermometer","temperature_min","°C",21.83
"2020-07-05T18:50:13.000Z","thermometer","temperature_min","°C",21.7
"2020-07-05T18:55:13.000Z","thermometer","temperature_min","°C",21.72
"2020-07-05T19:00:14.000Z","thermometer","temperature_min","°C",21.81
"2020-07-05T19:05:14.000Z","thermometer","temperature_min","°C",21.74
"2020-07-05T19:10:13.000Z","thermometer","temperature_min","°C",21.87
"2020-07-05T19:15:13.000Z","thermometer","temperature_min","°C",21.76
"2020-07-05T19:20:14.000Z","thermometer","temperature_min","°C",21.65
"2020-07-05T19:25:14.000Z","thermometer","temperature_min","°C",21.63
"2020-07-05T19:30:13.000Z","thermometer","temperature_min","°C",21.52
"2020-07-05T19:35:14.000Z","thermometer","temperature_min","°C",21.44
"2020-07-05T19:40:13.000Z","thermometer","temperature_min","°C",21.4
"2020-07-05T19:45:14.000Z","thermometer","temperature_min","°C",21.62
"2020-07-05T19:50:14.000Z","thermometer","temperature_min","°C",21.75
"2020-07-05T20:00:13.000Z","thermometer","temperature_min","°C",22.07
"2020-07-05T20:05:14.000Z","thermometer","temperature_min","°C",22.24
"2020-07-05T20:10:13.000Z","thermometer","temperature_min","°C",22.08
"2020-07-05T20:15:14.000Z","thermometer","temperature_min","°C",22.07
"2020-07-05T20:20:14.000Z","thermometer","temperature_min","°C",21.82
"2020-07-05T20:25:14.000Z","thermometer","temperature_min","°C",21.63
"2020-07-05T20:30:13.000Z","thermometer","temperature_min","°C",21.37
"2020-07-05T20:35:13.000Z","thermometer","temperature_min","°C",20.98
"2020-07-05T20:40:13.000Z","thermometer","temperature_min","°C",20.63
"2020-07-05T20:45:19.000Z","thermometer","temperature_min","°C",20.46
"2020-07-05T20:50:13.000Z","thermometer","temperature_min","°C",20.36
"2020-07-05T20:55:13.000Z","thermometer","temperature_min","°C",20.29
"2020-07-05T20:55:13.000Z","thermometer","temperature_min","°C",20.29
"2020-07-05T21:00:14.000Z","thermometer","temperature_min","°C",20.38
"2020-07-05T21:05:31.000Z","thermometer","temperature_min","°C",20.68
"2020-07-05T21:10:12.000Z","thermometer","temperature_min","°C",20.76
"2020-07-05T21:20:13.000Z","thermometer","temperature_min","°C",20.86
"2020-07-05T21:25:14.000Z","thermometer","temperature_min","°C",20.98
"2020-07-05T21:30:13.000Z","thermometer","temperature_min","°C",20.87
"2020-07-05T21:35:15.000Z","thermometer","temperature_min","°C",20.82
"2020-07-05T21:40:14.000Z","thermometer","temperature_min","°C",20.77
"2020-07-05T21:45:15.000Z","thermometer","temperature_min","°C",20.74
"2020-07-05T21:50:13.000Z","thermometer","temperature_min","°C",20.81
"2020-07-05T21:55:13.000Z","thermometer","temperature_min","°C",20.76
"2020-07-05T22:00:13.000Z","thermometer","temperature_min","°C",20.46
"2020-07-05T22:05:14.000Z","thermometer","temperature_min","°C",20.42
"2020-07-05T22:10:17.000Z","thermometer","temperature_min","°C",20.3
"2020-07-05T22:15:13.000Z","thermometer","temperature_min","°C",20.2
"2020-07-05T22:20:13.000Z","thermometer","temperature_min","°C",20.02
"2020-07-05T22:25:18.000Z","thermometer","temperature_min","°C",19.96
"2020-07-05T22:30:17.000Z","thermometer","temperature_min","°C",19.99
"2020-07-05T22:35:13.000Z","thermometer","temperature_min","°C",19.96
"2020-07-05T22:40:20.000Z","thermometer","temperature_min","°C",19.84
"2020-07-05T22:45:22.000Z","thermometer","temperature_min","°C",19.65
"2020-07-05T22:50:14.000Z","thermometer","temperature_min","°C",19.72
"2020-07-05T22:55:22.000Z","thermometer","temperature_min","°C",19.54
"2020-07-05T23:00:28.000Z","thermometer","temperature_min","°C",19.41
"2020-07-05T23:05:14.000Z","thermometer","temperature_min","°C",19.52
"2020-07-05T23:10:14.000Z","thermometer","temperature_min","°C",19.83
"2020-07-05T23:15:12.000Z","thermometer","temperature_min","°C",20
"2020-07-05T23:20:14.000Z","thermometer","temperature_min","°C",19.83
"2020-07-05T23:25:13.000Z","thermometer","temperature_min","°C",19.74
"2020-07-05T23:30:13.000Z","thermometer","temperature_min","°C",19.7
"2020-07-05T23:35:12.000Z","thermometer","temperature_min","°C",19.53
"2020-07-05T23:40:16.000Z","thermometer","temperature_min","°C",19.5
"2020-07-05T23:45:14.000Z","thermometer","temperature_min","°C",19.32
"2020-07-05T23:50:13.000Z","thermometer","temperature_min","°C",19.25
"2020-07-06T00:00:17.000Z","thermometer","temperature_min","°C",19.08
"2020-07-06T00:05:13.000Z","thermometer","temperature_min","°C",19.01
"2020-07-06T00:10:14.000Z","thermometer","temperature_min","°C",18.87
"2020-07-06T00:15:13.000Z","thermometer","temperature_min","°C",18.86
"2020-07-06T00:20:13.000Z","thermometer","temperature_min","°C",18.74
"2020-07-06T00:25:14.000Z","thermometer","temperature_min","°C",18.53
"2020-07-06T00:30:14.000Z","thermometer","temperature_min","°C",18.43
"2020-07-06T00:35:13.000Z","thermometer","temperature_min","°C",18.36
"2020-07-06T00:40:15.000Z","thermometer","temperature_min","°C",18.32
"2020-07-06T00:45:12.000Z","thermometer","temperature_min","°C",18.04
"2020-07-06T00:50:14.000Z","thermometer","temperature_min","°C",17.82
"2020-07-06T00:55:13.000Z","thermometer","temperature_min","°C",17.35
"2020-07-06T01:05:13.000Z","thermometer","temperature_min","°C",16.78
"2020-07-06T01:10:17.000Z","thermometer","temperature_min","°C",16.46
"2020-07-06T01:15:14.000Z","thermometer","temperature_min","°C",16.54
"2020-07-06T01:20:13.000Z","thermometer","temperature_min","°C",16.69
"2020-07-06T01:25:14.000Z","thermometer","temperature_min","°C",16.99
"2020-07-06T01:30:13.000Z","thermometer","temperature_min","°C",16.57
"2020-07-06T01:35:14.000Z","thermometer","temperature_min","°C",15.79
"2020-07-06T01:40:13.000Z","thermometer","temperature_min","°C",15.33
"2020-07-06T01:45:14.000Z","thermometer","temperature_min","°C",14.94
"2020-07-06T01:50:14.000Z","thermometer","temperature_min","°C",14.6
"2020-07-06T01:55:13.000Z","thermometer","temperature_min","°C",14.61
"2020-07-06T02:00:14.000Z","thermometer","temperature_min","°C",14.61
"2020-07-06T02:05:13.000Z","thermometer","temperature_min","°C",14.92
"2020-07-06T02:10:14.000Z","thermometer","temperature_min","°C",15.59
"2020-07-06T02:15:13.000Z","thermometer","temperature_min","°C",15.99
"2020-07-06T02:20:14.000Z","thermometer","temperature_min","°C",16.16
"2020-07-06T02:25:13.000Z","thermometer","temperature_min","°C",15.88
"2020-07-06T02:30:14.000Z","thermometer","temperature_min","°C",15.65
"2020-07-06T02:35:28.000Z","thermometer","temperature_min","°C",15.45
"2020-07-06T02:40:13.000Z","thermometer","temperature_min","°C",15.46
"2020-07-06T02:45:14.000Z","thermometer","temperature_min","°C",15.63
"2020-07-06T02:50:13.000Z","thermometer","temperature_min","°C",15.94
"2020-07-06T02:55:14.000Z","thermometer","temperature_min","°C",16.35
"2020-07-06T03:00:13.000Z","thermometer","temperature_min","°C",16.14
"2020-07-06T03:05:14.000Z","thermometer","temperature_min","°C",15.75
"2020-07-06T03:10:13.000Z","thermometer","temperature_min","°C",15.28
"2020-07-06T03:15:14.000Z","thermometer","temperature_min","°C",15.04
"2020-07-06T03:20:14.000Z","thermometer","temperature_min","°C",14.75
"2020-07-06T03:25:28.000Z","thermometer","temperature_min","°C",14.54
"2020-07-06T03:30:14.000Z","thermometer","temperature_min","°C",14.3
"2020-07-06T03:35:13.000Z","thermometer","temperature_min","°C",14.21
"2020-07-06T03:40:14.000Z","thermometer","temperature_min","°C",13.98
"2020-07-06T03:45:13.000Z","thermometer","temperature_min","°C",13.85
"2020-07-06T03:50:15.000Z","thermometer","temperature_min","°C",13.74
"2020-07-06T03:55:14.000Z","thermometer","temperature_min","°C",13.71
"2020-07-06T04:00:12.000Z","thermometer","temperature_min","°C",13.71
"2020-07-06T04:05:14.000Z","thermometer","temperature_min","°C",13.68
"2020-07-06T04:10:13.000Z","thermometer","temperature_min","°C",13.74
"2020-07-06T04:15:14.000Z","thermometer","temperature_min","°C",13.77
"2020-07-06T04:20:13.000Z","thermometer","temperature_min","°C",13.87
"2020-07-06T04:25:14.000Z","thermometer","temperature_min","°C",14.34
"2020-07-06T04:30:14.000Z","thermometer","temperature_min","°C",14.57
"2020-07-06T04:35:13.000Z","thermometer","temperature_min","°C",15.1
"2020-07-06T04:40:14.000Z","thermometer","temperature_min","°C",15.3
"2020-07-06T04:45:13.000Z","thermometer","temperature_min","°C",15.91
"2020-07-06T04:50:14.000Z","thermometer","temperature_min","°C",16.11
"2020-07-06T04:55:14.000Z","thermometer","temperature_min","°C",16.56
"2020-07-06T05:00:13.000Z","thermometer","temperature_min","°C",16.81
"2020-07-06T05:05:15.000Z","thermometer","temperature_min","°C",17.66
"2020-07-06T05:10:28.000Z","thermometer","temperature_min","°C",18.26
"2020-07-06T05:15:13.000Z","thermometer","temperature_min","°C",18.58
"2020-07-06T05:20:14.000Z","thermometer","temperature_min","°C",18.96
"2020-07-06T05:25:13.000Z","thermometer","temperature_min","°C",20.06
"2020-07-06T05:30:14.000Z","thermometer","temperature_min","°C",20.7
"2020-07-06T05:35:13.000Z","thermometer","temperature_min","°C",21.05
"2020-07-06T05:40:14.000Z","thermometer","temperature_min","°C",21.16
"2020-07-06T05:45:13.000Z","thermometer","temperature_min","°C",21.56
"2020-07-06T05:50:15.000Z","thermometer","temperature_min","°C",21.63
"2020-07-06T05:55:12.000Z","thermometer","temperature_min","°C",21.9
"2020-07-06T06:00:15.000Z","thermometer","temperature_min","°C",21.83
"2020-07-06T06:05:13.000Z","thermometer","temperature_min","°C",21.98
"2020-07-06T06:10:13.000Z","thermometer","temperature_min","°C",22.23
"2020-07-06T06:15:14.000Z","thermometer","temperature_min","°C",22.24
"2020-07-06T06:20:13.000Z","thermometer","temperature_min","°C",22.42
"2020-07-06T06:30:12.000Z","thermometer","temperature_min","°C",22.86
"2020-07-06T06:35:14.000Z","thermometer","temperature_min","°C",23.14
"2020-07-06T06:40:13.000Z","thermometer","temperature_min","°C",23.34
"2020-07-06T06:45:14.000Z","thermometer","temperature_min","°C",23.16
"2020-07-06T06:50:14.000Z","thermometer","temperature_min","°C",23.23
"2020-07-06T06:55:13.000Z","thermometer","temperature_min","°C",23.65
"2020-07-06T07:00:14.000Z","thermometer","temperature_min","°C",23.83
"2020-07-06T07:05:13.000Z","thermometer","temperature_min","°C",24.29
"2020-07-06T07:10:14.000Z","thermometer","temperature_min","°C",24.11
"2020-07-06T07:15:13.000Z","thermometer","temperature_min","°C",24.16
"2020-07-06T07:20:15.000Z","thermometer","temperature_min","°C",24.47
"2020-07-06T07:25:13.000Z","thermometer","temperature_min","°C",24.38
"2020-07-06T07:30:13.000Z","thermometer","temperature_min","°C",24.65
"2020-07-06T07:35:14.000Z","thermometer","temperature_min","°C",24.61
"2020-07-06T07:40:13.000Z","thermometer","temperature_min","°C",24.8
"2020-07-06T07:45:15.000Z","thermometer","temperature_min","°C",24.93
"2020-07-06T07:50:12.000Z","thermometer","temperature_min","°C",24.62
"2020-07-06T07:55:14.000Z","thermometer","temperature_min","°C",24.86
"2020-07-06T08:00:13.000Z","thermometer","temperature_min","°C",25.3
"2020-07-06T08:05:13.000Z","thermometer","temperature_min","°C",25.29
"2020-07-06T08:10:15.000Z","thermometer","temperature_min","°C",25.16
"2020-07-06T08:15:13.000Z","thermometer","temperature_min","°C",25.77
"2020-07-06T08:20:14.000Z","thermometer","temperature_min","°C",26.05
"2020-07-06T08:25:13.000Z","thermometer","temperature_min","°C",26.07
"2020-07-06T08:30:14.000Z","thermometer","temperature_min","°C",26.34
"2020-07-06T08:35:13.000Z","thermometer","temperature_min","°C",26.31
"2020-07-06T08:45:28.000Z","thermometer","temperature_min","°C",26.81
"2020-07-06T08:50:13.000Z","thermometer","temperature_min","°C",27.4
"2020-07-06T08:55:14.000Z","thermometer","temperature_min","°C",26.83
"2020-07-06T09:00:13.000Z","thermometer","temperature_min","°C",26.81
"2020-07-06T09:05:15.000Z","thermometer","temperature_min","°C",26.65
"2020-07-06T09:10:12.000Z","thermometer","temperature_min","°C",27
"2020-07-06T09:15:14.000Z","thermometer","temperature_min","°C",27.42
"2020-07-06T09:20:13.000Z","thermometer","temperature_min","°C",27.33
"2020-07-06T09:25:14.000Z","thermometer","temperature_min","°C",27.47
"2020-07-06T09:30:13.000Z","thermometer","temperature_min","°C",27.21
"2020-07-06T09:35:15.000Z","thermometer","temperature_min","°C",27.59
"2020-07-06T09:40:13.000Z","thermometer","temperature_min","°C",27.44
"2020-07-06T09:45:13.000Z","thermometer","temperature_min","°C",27.47
"2020-07-06T09:50:13.000Z","thermometer","temperature_min","°C",27.73
"2020-07-06T09:55:14.000Z","thermometer","temperature_min","°C",27.98
"2020-07-06T10:00:14.000Z","thermometer","temperature_min","°C",27.94
"2020-07-06T10:05:13.000Z","thermometer","temperature_min","°C",28.24
"2020-07-06T10:10:14.000Z","thermometer","temperature_min","°C",28.29
"2020-07-06T10:15:14.000Z","thermometer","temperature_min","°C",29.08
"2020-07-06T10:20:13.000Z","thermometer","temperature_min","°C",28.81
"2020-07-06T10:25:14.000Z","thermometer","temperature_min","°C",28.43
"2020-07-06T10:30:13.000Z","thermometer","temperature_min","°C",28.76
"2020-07-06T10:35:22.000Z","thermometer","temperature_min","°C",28.82
"2020-07-06T10:40:14.000Z","thermometer","temperature_min","°C",29.35
"2020-07-06T10:45:13.000Z","thermometer","temperature_min","°C",29.53
"2020-07-06T10:50:14.000Z","thermometer","temperature_min","°C",29.33
"2020-07-06T10:55:13.000Z","thermometer","temperature_min","°C",29.37
"2020-07-06T11:00:14.000Z","thermometer","temperature_min","°C",29.51
"2020-07-06T11:05:20.000Z","thermometer","temperature_min","°C",29.33
"2020-07-06T11:10:13.000Z","thermometer","temperature_min","°C",29.47
"2020-07-06T11:15:31.000Z","thermometer","temperature_min","°C",29.73
"2020-07-06T11:20:12.000Z","thermometer","temperature_min","°C",29.56
"2020-07-06T11:25:13.000Z","thermometer","temperature_min","°C",29.55
"2020-07-06T11:30:14.000Z","thermometer","temperature_min","°C",29.68
"2020-07-06T11:35:13.000Z","thermometer","temperature_min","°C",30.11
"2020-07-06T11:40:14.000Z","thermometer","temperature_min","°C",29.37
"2020-07-06T11:45:13.000Z","thermometer","temperature_min","°C",29.59
"2020-07-06T11:50:14.000Z","thermometer","temperature_min","°C",29.98
"2020-07-06T11:55:13.000Z","thermometer","temperature_min","°C",30.84
"2020-07-06T12:00:15.000Z","thermometer","temperature_min","°C",30.82
"2020-07-06T12:05:13.000Z","thermometer","temperature_min","°C",30.7
"2020-07-06T12:10:14.000Z","thermometer","temperature_min","°C",30.89
"2020-07-06T12:15:13.000Z","thermometer","temperature_min","°C",30.56
"2020-07-06T12:20:14.000Z","thermometer","temperature_min","°C",30.52
"2020-07-06T12:25:13.000Z","thermometer","temperature_min","°C",30.68
"2020-07-06T12:30:14.000Z","thermometer","temperature_min","°C",30.84
"2020-07-06T12:35:13.000Z","thermometer","temperature_min","°C",31.02
"2020-07-06T12:40:14.000Z","thermometer","temperature_min","°C",31.24
"2020-07-06T12:45:13.000Z","thermometer","temperature_min","°C",31.84
"2020-07-06T12:50:15.000Z","thermometer","temperature_min","°C",31.56
"2020-07-06T12:55:14.000Z","thermometer","temperature_min","°C",31.04
"2020-07-06T13:00:12.000Z","thermometer","temperature_min","°C",31.32
"2020-07-06T13:05:13.000Z","thermometer","temperature_min","°C",31.11
"2020-07-06T13:10:14.000Z","thermometer","temperature_min","°C",31.96
"2020-07-06T13:15:14.000Z","thermometer","temperature_min","°C",32.14
"2020-07-06T13:20:13.000Z","thermometer","temperature_min","°C",32.06
"2020-07-06T13:30:13.000Z","thermometer","temperature_min","°C",32.56
"2020-07-06T13:35:14.000Z","thermometer","temperature_min","°C",32.4
"2020-07-06T13:40:13.000Z","thermometer","temperature_min","°C",31.94
"2020-07-06T13:45:14.000Z","thermometer","temperature_min","°C",32.02
"2020-07-06T13:50:14.000Z","thermometer","temperature_min","°C",32.78
"2020-07-06T13:55:13.000Z","thermometer","temperature_min","°C",32.65
"2020-07-06T13:55:13.000Z","thermometer","temperature_min","°C",32.65
"2020-07-06T13:55:13.000Z","thermometer","temperature_min","°C",32.65
"2020-07-06T14:00:15.000Z","thermometer","temperature_min","°C",32.68
"2020-07-06T14:05:13.000Z","thermometer","temperature_min","°C",32.17
"2020-07-06T14:10:13.000Z","thermometer","temperature_min","°C",31.96
"2020-07-06T14:15:14.000Z","thermometer","temperature_min","°C",32.19
"2020-07-06T14:20:15.000Z","thermometer","temperature_min","°C",32.29
"2020-07-06T14:25:31.000Z","thermometer","temperature_min","°C",32.78
"2020-07-06T14:30:12.000Z","thermometer","temperature_min","°C",32.72
"2020-07-06T14:35:14.000Z","thermometer","temperature_min","°C",32.6
"2020-07-06T14:40:13.000Z","thermometer","temperature_min","°C",32.81
"2020-07-06T14:45:14.000Z","thermometer","temperature_min","°C",33.06
"2020-07-06T14:50:13.000Z","thermometer","temperature_min","°C",32.57
"2020-07-06T14:55:14.000Z","thermometer","temperature_min","°C",32.62
"2020-07-06T15:00:14.000Z","thermometer","temperature_min","°C",33.44
"2020-07-06T15:05:13.000Z","thermometer","temperature_min","°C",33.22
"2020-07-06T15:10:14.000Z","thermometer","temperature_min","°C",33.14
"2020-07-06T15:15:13.000Z","thermometer","temperature_min","°C",33.03
"2020-07-06T15:20:13.000Z","thermometer","temperature_min","°C",32.78
"2020-07-06T15:25:14.000Z","thermometer","temperature_min","°C",33.19
"2020-07-06T15:30:13.000Z","thermometer","temperature_min","°C",31.36
"2020-07-06T15:35:19.000Z","thermometer","temperature_min","°C",31
"2020-07-06T15:40:13.000Z","thermometer","temperature_min","°C",30.34
"2020-07-06T15:45:14.000Z","thermometer","temperature_min","°C",30.09
"2020-07-06T15:50:13.000Z","thermometer","temperature_min","°C",30.06
"2020-07-06T15:55:14.000Z","thermometer","temperature_min","°C",30.3
"2020-07-06T16:00:13.000Z","thermometer","temperature_min","°C",30.04
"2020-07-06T16:05:31.000Z","thermometer","temperature_min","°C",29.95
"2020-07-06T16:10:12.000Z","thermometer","temperature_min","°C",29.92
"2020-07-06T16:15:14.000Z","thermometer","temperature_min","°C",29.54
"2020-07-06T16:20:13.000Z","thermometer","temperature_min","°C",29.42
"2020-07-06T16:25:14.000Z","thermometer","temperature_min","°C",29.7
"2020-07-06T16:30:15.000Z","thermometer","temperature_min","°C",29.67
"2020-07-06T16:35:12.000Z","thermometer","temperature_min","°C",28.77
"2020-07-06T16:40:15.000Z","thermometer","temperature_min","°C",28.4
"2020-07-06T16:40:15.000Z","thermometer","temperature_min","°C",28.4
"2020-07-06T16:45:13.000Z","thermometer","temperature_min","°C",28.21
"2020-07-06T16:50:13.000Z","thermometer","temperature_min","°C",28.29
"2020-07-06T16:55:16.000Z","thermometer","temperature_min","°C",28.16
"2020-07-06T17:00:13.000Z","thermometer","temperature_min","°C",28.18
"2020-07-06T17:05:22.000Z","thermometer","temperature_min","°C",28.06
"2020-07-06T17:10:15.000Z","thermometer","temperature_min","°C",27.89
"2020-07-06T17:15:14.000Z","thermometer","temperature_min","°C",27.53
"2020-07-06T17:20:13.000Z","thermometer","temperature_min","°C",27.28
"2020-07-06T17:25:31.000Z","thermometer","temperature_min","°C",27.21
"2020-07-06T17:30:12.000Z","thermometer","temperature_min","°C",26.9
"2020-07-06T17:35:14.000Z","thermometer","temperature_min","°C",26.8
"2020-07-06T17:40:14.000Z","thermometer","temperature_min","°C",26.79
"2020-07-06T17:40:14.000Z","thermometer","temperature_min","°C",26.79
"2020-07-06T17:45:13.000Z","thermometer","temperature_min","°C",26.39
"2020-07-06T17:50:15.000Z","thermometer","temperature_min","°C",26.16
"2020-07-06T17:55:12.000Z","thermometer","temperature_min","°C",25.98
"2020-07-06T18:00:14.000Z","thermometer","temperature_min","°C",25.76
"2020-07-06T18:05:13.000Z","thermometer","temperature_min","°C",25.62
"2020-07-06T18:10:14.000Z","thermometer","temperature_min","°C",25.44
"2020-07-06T18:15:13.000Z","thermometer","temperature_min","°C",24.95
"2020-07-06T18:20:14.000Z","thermometer","temperature_min","°C",24.6
"2020-07-06T18:25:14.000Z","thermometer","temperature_min","°C",24.29
"2020-07-06T18:30:13.000Z","thermometer","temperature_min","°C",24.1
"2020-07-06T18:35:15.000Z","thermometer","temperature_min","°C",23.99
"2020-07-06T18:45:14.000Z","thermometer","temperature_min","°C",23.9
"2020-07-06T18:50:22.000Z","thermometer","temperature_min","°C",23.56
"2020-07-06T18:55:13.000Z","thermometer","temperature_min","°C",23.4
"2020-07-06T19:00:13.000Z","thermometer","temperature_min","°C",23.45
"2020-07-06T19:05:14.000Z","thermometer","temperature_min","°C",23.44
"2020-07-06T19:15:15.000Z","thermometer","temperature_min","°C",22.8
"2020-07-06T19:20:13.000Z","thermometer","temperature_min","°C",22.52
"2020-07-06T19:25:13.000Z","thermometer","temperature_min","°C",22.35
"2020-07-06T19:30:15.000Z","thermometer","temperature_min","°C",22.04
"2020-07-06T19:35:13.000Z","thermometer","temperature_min","°C",21.84
"2020-07-06T19:40:13.000Z","thermometer","temperature_min","°C",21.69
"2020-07-06T19:40:13.000Z","thermometer","temperature_min","°C",21.69
"2020-07-06T19:45:14.000Z","thermometer","temperature_min","°C",21.48
"2020-07-06T19:50:13.000Z","thermometer","temperature_min","°C",21.44
"2020-07-06T19:55:15.000Z","thermometer","temperature_min","°C",21.3
"2020-07-06T20:00:28.000Z","thermometer","temperature_min","°C",20.9
"2020-07-06T20:05:13.000Z","thermometer","temperature_min","°C",20.6
"2020-07-06T20:10:13.000Z","thermometer","temperature_min","°C",20.22
"2020-07-06T20:15:15.000Z","thermometer","temperature_min","°C",19.96
"2020-07-06T20:20:13.000Z","thermometer","temperature_min","°C",19.44
"2020-07-06T20:25:13.000Z","thermometer","temperature_min","°C",19.06
"2020-07-06T20:30:14.000Z","thermometer","temperature_min","°C",18.93
"2020-07-06T20:35:13.000Z","thermometer","temperature_min","°C",18.73
"2020-07-06T20:40:15.000Z","thermometer","temperature_min","°C",18.55
"2020-07-06T20:45:13.000Z","thermometer","temperature_min","°C",18.51
"2020-07-06T20:50:13.000Z","thermometer","temperature_min","°C",18.34
"2020-07-06T20:55:14.000Z","thermometer","temperature_min","°C",18.32
"2020-07-06T20:55:14.000Z","thermometer","temperature_min","°C",18.32
"2020-07-06T21:00:13.000Z","thermometer","temperature_min","°C",18.22
"2020-07-06T21:05:14.000Z","thermometer","temperature_min","°C",18
"2020-07-06T21:10:13.000Z","thermometer","temperature_min","°C",17.99
"2020-07-06T21:15:15.000Z","thermometer","temperature_min","°C",17.91
"2020-07-06T21:20:13.000Z","thermometer","temperature_min","°C",17.8
"2020-07-06T21:25:13.000Z","thermometer","temperature_min","°C",17.76
"2020-07-06T21:30:13.000Z","thermometer","temperature_min","°C",17.72
"2020-07-06T21:35:15.000Z","thermometer","temperature_min","°C",17.65
"2020-07-06T21:40:12.000Z","thermometer","temperature_min","°C",17.44
"2020-07-06T21:45:14.000Z","thermometer","temperature_min","°C",17.41
"2020-07-06T21:50:14.000Z","thermometer","temperature_min","°C",17.34
"2020-07-06T21:55:13.000Z","thermometer","temperature_min","°C",17.28
"2020-07-06T22:00:14.000Z","thermometer","temperature_min","°C",17.12
"2020-07-06T22:05:13.000Z","thermometer","temperature_min","°C",17.14
"2020-07-06T22:10:31.000Z","thermometer","temperature_min","°C",17.12
"2020-07-06T22:15:12.000Z","thermometer","temperature_min","°C",17.02
"2020-07-06T22:20:14.000Z","thermometer","temperature_min","°C",16.94
"2020-07-06T22:25:14.000Z","thermometer","temperature_min","°C",16.94
"2020-07-06T22:30:13.000Z","thermometer","temperature_min","°C",16.89
"2020-07-06T22:35:15.000Z","thermometer","temperature_min","°C",16.96
"2020-07-06T22:40:12.000Z","thermometer","temperature_min","°C",16.9
"2020-07-06T22:45:14.000Z","thermometer","temperature_min","°C",16.8
"2020-07-06T22:50:13.000Z","thermometer","temperature_min","°C",16.77
"2020-07-06T22:55:14.000Z","thermometer","temperature_min","°C",16.77
"2020-07-06T23:00:14.000Z","thermometer","temperature_min","°C",16.76
"2020-07-06T23:05:13.000Z","thermometer","temperature_min","°C",16.75
"2020-07-06T23:10:15.000Z","thermometer","temperature_min","°C",16.74
"2020-07-06T23:15:12.000Z","thermometer","temperature_min","°C",16.7
"2020-07-06T23:20:14.000Z","thermometer","temperature_min","°C",16.71
"2020-07-06T23:25:13.000Z","thermometer","temperature_min","°C",16.75
"2020-07-06T23:30:15.000Z","thermometer","temperature_min","°C",16.77
"2020-07-06T23:35:13.000Z","thermometer","temperature_min","°C",16.68
"2020-07-06T23:40:13.000Z","thermometer","temperature_min","°C",16.65
"2020-07-06T23:45:14.000Z","thermometer","temperature_min","°C",16.69
"2020-07-06T23:50:13.000Z","thermometer","temperature_min","°C",16.66
"2020-07-06T23:55:28.000Z","thermometer","temperature_min","°C",16.59
"2020-07-07T00:00:15.000Z","thermometer","temperature_min","°C",16.61
"2020-07-07T00:05:13.000Z","thermometer","temperature_min","°C",16.51
"2020-07-07T00:10:13.000Z","thermometer","temperature_min","°C",16.5
"2020-07-07T00:15:15.000Z","thermometer","temperature_min","°C",16.49
"2020-07-07T00:20:13.000Z","thermometer","temperature_min","°C",16.52
"2020-07-07T00:25:13.000Z","thermometer","temperature_min","°C",16.4
"2020-07-07T00:30:14.000Z","thermometer","temperature_min","°C",16.37
"2020-07-07T00:35:13.000Z","thermometer","temperature_min","°C",16.3
"2020-07-07T00:40:15.000Z","thermometer","temperature_min","°C",16.24
"2020-07-07T00:45:12.000Z","thermometer","temperature_min","°C",16.26
"2020-07-07T00:50:14.000Z","thermometer","temperature_min","°C",16.3
"2020-07-07T00:55:13.000Z","thermometer","temperature_min","°C",16.25
"2020-07-07T01:00:13.000Z","thermometer","temperature_min","°C",16.18
"2020-07-07T01:05:14.000Z","thermometer","temperature_min","°C",16.19
"2020-07-07T01:10:14.000Z","thermometer","temperature_min","°C",16.24
"2020-07-07T01:15:14.000Z","thermometer","temperature_min","°C",16.14
"2020-07-07T01:20:13.000Z","thermometer","temperature_min","°C",16.08
"2020-07-07T01:25:14.000Z","thermometer","temperature_min","°C",16.09
"2020-07-07T01:30:13.000Z","thermometer","temperature_min","°C",16.12
"2020-07-07T01:35:14.000Z","thermometer","temperature_min","°C",16.09
"2020-07-07T01:40:13.000Z","thermometer","temperature_min","°C",16.02
"2020-07-07T01:45:14.000Z","thermometer","temperature_min","°C",15.98
"2020-07-07T01:50:14.000Z","thermometer","temperature_min","°C",16.02
"2020-07-07T01:55:13.000Z","thermometer","temperature_min","°C",16
"2020-07-07T02:00:14.000Z","thermometer","temperature_min","°C",15.96
"2020-07-07T02:05:13.000Z","thermometer","temperature_min","°C",15.95
"2020-07-07T02:10:31.000Z","thermometer","temperature_min","°C",15.87
"2020-07-07T02:15:12.000Z","thermometer","temperature_min","°C",15.87
"2020-07-07T02:20:13.000Z","thermometer","temperature_min","°C",15.86
"2020-07-07T02:25:15.000Z","thermometer","temperature_min","°C",15.86
"2020-07-07T02:30:13.000Z","thermometer","temperature_min","°C",15.76
"2020-07-07T02:35:13.000Z","thermometer","temperature_min","°C",15.7
"2020-07-07T02:40:14.000Z","thermometer","temperature_min","°C",15.74
"2020-07-07T02:45:14.000Z","thermometer","temperature_min","°C",15.72
"2020-07-07T02:50:13.000Z","thermometer","temperature_min","°C",15.68
"2020-07-07T02:55:13.000Z","thermometer","temperature_min","°C",15.7
"2020-07-07T03:00:15.000Z","thermometer","temperature_min","°C",15.74
"2020-07-07T03:05:13.000Z","thermometer","temperature_min","°C",15.74
"2020-07-07T03:10:13.000Z","thermometer","temperature_min","°C",15.68
"2020-07-07T03:15:15.000Z","thermometer","temperature_min","°C",15.71
"2020-07-07T03:20:13.000Z","thermometer","temperature_min","°C",15.68
"2020-07-07T03:25:13.000Z","thermometer","temperature_min","°C",15.66
"2020-07-07T03:30:14.000Z","thermometer","temperature_min","°C",15.65
"2020-07-07T03:35:13.000Z","thermometer","temperature_min","°C",15.7
"2020-07-07T03:40:15.000Z","thermometer","temperature_min","°C",15.73
"2020-07-07T03:45:12.000Z","thermometer","temperature_min","°C",15.69
"2020-07-07T03:50:14.000Z","thermometer","temperature_min","°C",15.67
"2020-07-07T03:55:14.000Z","thermometer","temperature_min","°C",15.6
"2020-07-07T04:00:13.000Z","thermometer","temperature_min","°C",15.62
"2020-07-07T04:05:31.000Z","thermometer","temperature_min","°C",15.66
"2020-07-07T04:10:12.000Z","thermometer","temperature_min","°C",15.78
"2020-07-07T04:15:14.000Z","thermometer","temperature_min","°C",15.85
"2020-07-07T04:20:13.000Z","thermometer","temperature_min","°C",15.99
"2020-07-07T04:25:15.000Z","thermometer","temperature_min","°C",16.34
"2020-07-07T04:30:13.000Z","thermometer","temperature_min","°C",16.62
"2020-07-07T04:35:13.000Z","thermometer","temperature_min","°C",16.8
"2020-07-07T04:40:15.000Z","thermometer","temperature_min","°C",17.21
"2020-07-07T04:45:13.000Z","thermometer","temperature_min","°C",17.37
"2020-07-07T04:50:13.000Z","thermometer","temperature_min","°C",17.92
"2020-07-07T04:55:15.000Z","thermometer","temperature_min","°C",18.02
"2020-07-07T05:00:12.000Z","thermometer","temperature_min","°C",18.4
"2020-07-07T05:05:14.000Z","thermometer","temperature_min","°C",19.13
"2020-07-07T05:10:13.000Z","thermometer","temperature_min","°C",19.66
"2020-07-07T05:15:14.000Z","thermometer","temperature_min","°C",20.14
"2020-07-07T05:20:13.000Z","thermometer","temperature_min","°C",20.32
"2020-07-07T05:25:14.000Z","thermometer","temperature_min","°C",21.12
"2020-07-07T05:30:14.000Z","thermometer","temperature_min","°C",21.87
"2020-07-07T05:35:13.000Z","thermometer","temperature_min","°C",22.43
"2020-07-07T05:40:15.000Z","thermometer","temperature_min","°C",22.96
"2020-07-07T05:45:13.000Z","thermometer","temperature_min","°C",22.93
"2020-07-07T05:50:13.000Z","thermometer","temperature_min","°C",22.66
"2020-07-07T05:55:31.000Z","thermometer","temperature_min","°C",22.46
"2020-07-07T06:00:12.000Z","thermometer","temperature_min","°C",22.61
"2020-07-07T06:05:13.000Z","thermometer","temperature_min","°C",22.66
"2020-07-07T06:10:14.000Z","thermometer","temperature_min","°C",22.56
"2020-07-07T06:15:14.000Z","thermometer","temperature_min","°C",22.74
"2020-07-07T06:20:13.000Z","thermometer","temperature_min","°C",23.01
"2020-07-07T06:25:14.000Z","thermometer","temperature_min","°C",23.5
"2020-07-07T06:30:13.000Z","thermometer","temperature_min","°C",23.74
"2020-07-07T06:35:15.000Z","thermometer","temperature_min","°C",24.37
"2020-07-07T06:40:13.000Z","thermometer","temperature_min","°C",24.55
"2020-07-07T06:45:13.000Z","thermometer","temperature_min","°C",24.85
"2020-07-07T06:50:14.000Z","thermometer","temperature_min","°C",25.1
"2020-07-07T06:55:13.000Z","thermometer","temperature_min","°C",25.47
"2020-07-07T07:00:15.000Z","thermometer","temperature_min","°C",25.26
"2020-07-07T07:05:12.000Z","thermometer","temperature_min","°C",25.16
"2020-07-07T07:10:14.000Z","thermometer","temperature_min","°C",25.32
"2020-07-07T07:15:13.000Z","thermometer","temperature_min","°C",25.24
"2020-07-07T07:20:15.000Z","thermometer","temperature_min","°C",24.94
"2020-07-07T07:25:13.000Z","thermometer","temperature_min","°C",25.04
"2020-07-07T07:30:13.000Z","thermometer","temperature_min","°C",25.46
"2020-07-07T07:35:14.000Z","thermometer","temperature_min","°C",25.68
"2020-07-07T07:40:13.000Z","thermometer","temperature_min","°C",25.79
"2020-07-07T07:45:15.000Z","thermometer","temperature_min","°C",25.84
"2020-07-07T07:50:12.000Z","thermometer","temperature_min","°C",25.92
"2020-07-07T07:55:15.000Z","thermometer","temperature_min","°C",26.05
"2020-07-07T08:00:12.000Z","thermometer","temperature_min","°C",26.24
"2020-07-07T08:05:15.000Z","thermometer","temperature_min","°C",26.07
"2020-07-07T08:10:13.000Z","thermometer","temperature_min","°C",26.28
"2020-07-07T08:15:13.000Z","thermometer","temperature_min","°C",26.38
"2020-07-07T08:20:14.000Z","thermometer","temperature_min","°C",26.41
"2020-07-07T08:25:14.000Z","thermometer","temperature_min","°C",27
"2020-07-07T08:30:13.000Z","thermometer","temperature_min","°C",26.8
"2020-07-07T08:30:13.000Z","thermometer","temperature_min","°C",26.8
"2020-07-07T08:35:13.000Z","thermometer","temperature_min","°C",27.16
"2020-07-07T08:40:15.000Z","thermometer","temperature_min","°C",27.39
"2020-07-07T08:45:13.000Z","thermometer","temperature_min","°C",27.27
"2020-07-07T08:50:28.000Z","thermometer","temperature_min","°C",27.33
"2020-07-07T08:55:14.000Z","thermometer","temperature_min","°C",27.56
"2020-07-07T08:55:14.000Z","thermometer","temperature_min","°C",27.56
"2020-07-07T09:00:13.000Z","thermometer","temperature_min","°C",27.99
"2020-07-07T09:05:14.000Z","thermometer","temperature_min","°C",28.34
"2020-07-07T09:10:13.000Z","thermometer","temperature_min","°C",28.43
"2020-07-07T09:15:15.000Z","thermometer","temperature_min","°C",28.22
"2020-07-07T09:20:13.000Z","thermometer","temperature_min","°C",28.46
"2020-07-07T09:25:13.000Z","thermometer","temperature_min","°C",28.32
"2020-07-07T09:30:13.000Z","thermometer","temperature_min","°C",28.71
"2020-07-07T09:35:14.000Z","thermometer","temperature_min","°C",28.86
"2020-07-07T09:40:14.000Z","thermometer","temperature_min","°C",28.58
"2020-07-07T09:45:13.000Z","thermometer","temperature_min","°C",28.67
"2020-07-07T09:50:15.000Z","thermometer","temperature_min","°C",28.88
"2020-07-07T09:55:12.000Z","thermometer","temperature_min","°C",29.14
"2020-07-07T10:00:14.000Z","thermometer","temperature_min","°C",29.62
"2020-07-07T10:05:13.000Z","thermometer","temperature_min","°C",29.47
"2020-07-07T10:10:15.000Z","thermometer","temperature_min","°C",29.59
"2020-07-07T10:15:13.000Z","thermometer","temperature_min","°C",29.34
"2020-07-07T10:20:13.000Z","thermometer","temperature_min","°C",29.72
"2020-07-07T10:25:14.000Z","thermometer","temperature_min","°C",30.11
"2020-07-07T10:30:13.000Z","thermometer","temperature_min","°C",29.7
"2020-07-07T10:35:19.000Z","thermometer","temperature_min","°C",29.76
"2020-07-07T10:40:14.000Z","thermometer","temperature_min","°C",29.53
"2020-07-07T10:45:15.000Z","thermometer","temperature_min","°C",29.78
"2020-07-07T10:50:13.000Z","thermometer","temperature_min","°C",29.66
"2020-07-07T10:55:28.000Z","thermometer","temperature_min","°C",30.03
"2020-07-07T11:00:14.000Z","thermometer","temperature_min","°C",29.94
"2020-07-07T11:05:13.000Z","thermometer","temperature_min","°C",30.51
"2020-07-07T11:10:14.000Z","thermometer","temperature_min","°C",30.28
"2020-07-07T11:15:13.000Z","thermometer","temperature_min","°C",30.21
"2020-07-07T11:20:14.000Z","thermometer","temperature_min","°C",30.34
"2020-07-07T11:25:13.000Z","thermometer","temperature_min","°C",30.6
"2020-07-07T11:30:15.000Z","thermometer","temperature_min","°C",30.8
"2020-07-07T11:35:12.000Z","thermometer","temperature_min","°C",30.62
"2020-07-07T11:40:14.000Z","thermometer","temperature_min","°C",30.47
"2020-07-07T11:45:14.000Z","thermometer","temperature_min","°C",30.53
"2020-07-07T11:50:13.000Z","thermometer","temperature_min","°C",30.81
"2020-07-07T11:55:14.000Z","thermometer","temperature_min","°C",30.48
"2020-07-07T12:00:13.000Z","thermometer","temperature_min","°C",30.98
"2020-07-07T12:05:14.000Z","thermometer","temperature_min","°C",30.5
"2020-07-07T12:10:13.000Z","thermometer","temperature_min","°C",30.73
"2020-07-07T12:15:14.000Z","thermometer","temperature_min","°C",31.06
"2020-07-07T12:20:14.000Z","thermometer","temperature_min","°C",31.35
"2020-07-07T12:25:13.000Z","thermometer","temperature_min","°C",31.03
"2020-07-07T12:30:15.000Z","thermometer","temperature_min","°C",30.98
"2020-07-07T12:35:12.000Z","thermometer","temperature_min","°C",30.99
"2020-07-07T12:40:14.000Z","thermometer","temperature_min","°C",30.74
"2020-07-07T12:50:14.000Z","thermometer","temperature_min","°C",31.15
"2020-07-07T12:55:13.000Z","thermometer","temperature_min","°C",31.46
"2020-07-07T13:00:14.000Z","thermometer","temperature_min","°C",31.1
"2020-07-07T13:05:14.000Z","thermometer","temperature_min","°C",31.11
"2020-07-07T13:10:13.000Z","thermometer","temperature_min","°C",30.57
"2020-07-07T13:15:14.000Z","thermometer","temperature_min","°C",31.06
"2020-07-07T13:20:13.000Z","thermometer","temperature_min","°C",30.98
"2020-07-07T13:25:15.000Z","thermometer","temperature_min","°C",31.08
"2020-07-07T13:30:13.000Z","thermometer","temperature_min","°C",31.13
"2020-07-07T13:35:13.000Z","thermometer","temperature_min","°C",30.88
"2020-07-07T13:40:14.000Z","thermometer","temperature_min","°C",30.66
"2020-07-07T13:45:13.000Z","thermometer","temperature_min","°C",30.99
"2020-07-07T13:50:14.000Z","thermometer","temperature_min","°C",30.78
"2020-07-07T13:55:13.000Z","thermometer","temperature_min","°C",30.46
"2020-07-07T14:00:15.000Z","thermometer","temperature_min","°C",30.48
"2020-07-07T14:05:13.000Z","thermometer","temperature_min","°C",30.57
"2020-07-07T14:10:13.000Z","thermometer","temperature_min","°C",30.38
"2020-07-07T14:15:13.000Z","thermometer","temperature_min","°C",30.35
"2020-07-07T14:20:15.000Z","thermometer","temperature_min","°C",30.61
"2020-07-07T14:25:13.000Z","thermometer","temperature_min","°C",30.36
"2020-07-07T14:30:13.000Z","thermometer","temperature_min","°C",30.42
"2020-07-07T14:35:15.000Z","thermometer","temperature_min","°C",30.15
"2020-07-07T14:40:12.000Z","thermometer","temperature_min","°C",30.14
"2020-07-07T14:45:15.000Z","thermometer","temperature_min","°C",29.88
"2020-07-07T14:50:13.000Z","thermometer","temperature_min","°C",30.01
"2020-07-07T14:55:12.000Z","thermometer","temperature_min","°C",29.71
"2020-07-07T15:00:14.000Z","thermometer","temperature_min","°C",29.75
"2020-07-07T15:05:15.000Z","thermometer","temperature_min","°C",29.91
"2020-07-07T15:10:13.000Z","thermometer","temperature_min","°C",29.72
"2020-07-07T15:15:13.000Z","thermometer","temperature_min","°C",29.66
"2020-07-07T15:20:14.000Z","thermometer","temperature_min","°C",29.64
"2020-07-07T15:25:14.000Z","thermometer","temperature_min","°C",29.34
"2020-07-07T15:30:13.000Z","thermometer","temperature_min","°C",29.21
"2020-07-07T15:35:13.000Z","thermometer","temperature_min","°C",29.06
"2020-07-07T15:40:28.000Z","thermometer","temperature_min","°C",29.15
"2020-07-07T15:45:15.000Z","thermometer","temperature_min","°C",28.74
"2020-07-07T15:50:13.000Z","thermometer","temperature_min","°C",28.66
"2020-07-07T15:55:14.000Z","thermometer","temperature_min","°C",28.83
"2020-07-07T16:00:13.000Z","thermometer","temperature_min","°C",28.89
"2020-07-07T16:05:14.000Z","thermometer","temperature_min","°C",28.8
"2020-07-07T16:10:13.000Z","thermometer","temperature_min","°C",28.35
"2020-07-07T16:15:14.000Z","thermometer","temperature_min","°C",28.24
"2020-07-07T16:20:13.000Z","thermometer","temperature_min","°C",28.26
"2020-07-07T16:25:14.000Z","thermometer","temperature_min","°C",28.47
"2020-07-07T16:30:13.000Z","thermometer","temperature_min","°C",28.15
"2020-07-07T16:35:14.000Z","thermometer","temperature_min","°C",28.06
"2020-07-07T16:40:14.000Z","thermometer","temperature_min","°C",27.81
"2020-07-07T16:45:13.000Z","thermometer","temperature_min","°C",27.78
"2020-07-07T16:50:14.000Z","thermometer","temperature_min","°C",27.51
"2020-07-07T16:55:13.000Z","thermometer","temperature_min","°C",26.98
"2020-07-07T17:00:14.000Z","thermometer","temperature_min","°C",26.86
"2020-07-07T17:05:13.000Z","thermometer","temperature_min","°C",26.82
"2020-07-07T17:10:21.000Z","thermometer","temperature_min","°C",26.75
"2020-07-07T17:15:13.000Z","thermometer","temperature_min","°C",26.67
"2020-07-07T17:20:13.000Z","thermometer","temperature_min","°C",26.33
"2020-07-07T17:25:14.000Z","thermometer","temperature_min","°C",26.15
"2020-07-07T17:30:13.000Z","thermometer","temperature_min","°C",25.9
"2020-07-07T17:35:14.000Z","thermometer","temperature_min","°C",25.88
"2020-07-07T17:40:13.000Z","thermometer","temperature_min","°C",25.76
"2020-07-07T17:45:15.000Z","thermometer","temperature_min","°C",25.42
"2020-07-07T17:50:13.000Z","thermometer","temperature_min","°C",25.33
"2020-07-07T17:55:13.000Z","thermometer","temperature_min","°C",25.11
"2020-07-07T18:00:14.000Z","thermometer","temperature_min","°C",24.86
"2020-07-07T18:05:14.000Z","thermometer","temperature_min","°C",24.64
"2020-07-07T18:10:13.000Z","thermometer","temperature_min","°C",24.28
"2020-07-07T18:15:14.000Z","thermometer","temperature_min","°C",23.94
"2020-07-07T18:20:13.000Z","thermometer","temperature_min","°C",23.65
"2020-07-07T18:25:13.000Z","thermometer","temperature_min","°C",23.42
"2020-07-07T18:30:15.000Z","thermometer","temperature_min","°C",23.27
"2020-07-07T18:35:13.000Z","thermometer","temperature_min","°C",23.05
"2020-07-07T18:45:14.000Z","thermometer","temperature_min","°C",22.7
"2020-07-07T18:50:13.000Z","thermometer","temperature_min","°C",22.51
"2020-07-07T18:55:31.000Z","thermometer","temperature_min","°C",22.41
"2020-07-07T19:00:12.000Z","thermometer","temperature_min","°C",22.33
"2020-07-07T19:05:14.000Z","thermometer","temperature_min","°C",22.27
"2020-07-07T19:10:13.000Z","thermometer","temperature_min","°C",22.2
"2020-07-07T19:15:15.000Z","thermometer","temperature_min","°C",22.03
"2020-07-07T19:20:13.000Z","thermometer","temperature_min","°C",21.94
"2020-07-07T19:25:13.000Z","thermometer","temperature_min","°C",21.82
"2020-07-07T19:30:14.000Z","thermometer","temperature_min","°C",21.81
"2020-07-07T19:35:14.000Z","thermometer","temperature_min","°C",21.72
"2020-07-07T19:40:13.000Z","thermometer","temperature_min","°C",21.67
"2020-07-07T19:45:13.000Z","thermometer","temperature_min","°C",21.65
"2020-07-07T19:50:14.000Z","thermometer","temperature_min","°C",21.63
"2020-07-07T19:55:13.000Z","thermometer","temperature_min","°C",21.55
"2020-07-07T20:00:15.000Z","thermometer","temperature_min","°C",21.45
"2020-07-07T20:05:13.000Z","thermometer","temperature_min","°C",21.21
"2020-07-07T20:10:13.000Z","thermometer","temperature_min","°C",21.08
"2020-07-07T20:10:13.000Z","thermometer","temperature_min","°C",21.08
"2020-07-07T20:15:14.000Z","thermometer","temperature_min","°C",21.02
"2020-07-07T20:20:13.000Z","thermometer","temperature_min","°C",20.94
"2020-07-07T20:25:15.000Z","thermometer","temperature_min","°C",20.82
"2020-07-07T20:30:12.000Z","thermometer","temperature_min","°C",20.72
"2020-07-07T20:35:14.000Z","thermometer","temperature_min","°C",20.66
"2020-07-07T20:40:14.000Z","thermometer","temperature_min","°C",20.6
"2020-07-07T20:45:13.000Z","thermometer","temperature_min","°C",20.46
"2020-07-07T20:50:31.000Z","thermometer","temperature_min","°C",20.34
"2020-07-07T20:55:12.000Z","thermometer","temperature_min","°C",20.24
"2020-07-07T21:00:15.000Z","thermometer","temperature_min","°C",20.22
"2020-07-07T21:05:13.000Z","thermometer","temperature_min","°C",20.2
"2020-07-07T21:10:13.000Z","thermometer","temperature_min","°C",20.12
"2020-07-07T21:15:14.000Z","thermometer","temperature_min","°C",20.08
"2020-07-07T21:20:13.000Z","thermometer","temperature_min","°C",20.08
"2020-07-07T21:25:14.000Z","thermometer","temperature_min","°C",20.1
"2020-07-07T21:30:13.000Z","thermometer","temperature_min","°C",19.99
"2020-07-07T21:35:15.000Z","thermometer","temperature_min","°C",19.98
"2020-07-07T21:40:12.000Z","thermometer","temperature_min","°C",19.98
"2020-07-07T21:45:13.000Z","thermometer","temperature_min","°C",19.96
"2020-07-07T21:50:16.000Z","thermometer","temperature_min","°C",19.87
"2020-07-07T21:55:12.000Z","thermometer","temperature_min","°C",19.7
"2020-07-07T22:00:14.000Z","thermometer","temperature_min","°C",19.7
"2020-07-07T22:05:13.000Z","thermometer","temperature_min","°C",19.56
"2020-07-07T22:10:14.000Z","thermometer","temperature_min","°C",19.54
"2020-07-07T22:15:15.000Z","thermometer","temperature_min","°C",19.47
"2020-07-07T22:20:12.000Z","thermometer","temperature_min","°C",19.32
"2020-07-07T22:25:13.000Z","thermometer","temperature_min","°C",19.23
"2020-07-07T22:30:15.000Z","thermometer","temperature_min","°C",19.23
"2020-07-07T22:35:13.000Z","thermometer","temperature_min","°C",19.13
"2020-07-07T22:40:13.000Z","thermometer","temperature_min","°C",19.03
"2020-07-07T22:45:14.000Z","thermometer","temperature_min","°C",18.97
"2020-07-07T22:50:13.000Z","thermometer","temperature_min","°C",18.99
"2020-07-07T22:55:15.000Z","thermometer","temperature_min","°C",18.94
"2020-07-07T23:00:28.000Z","thermometer","temperature_min","°C",18.94
"2020-07-07T23:05:13.000Z","thermometer","temperature_min","°C",18.91
"2020-07-07T23:10:13.000Z","thermometer","temperature_min","°C",18.86
"2020-07-07T23:15:15.000Z","thermometer","temperature_min","°C",18.87
"2020-07-07T23:20:15.000Z","thermometer","temperature_min","°C",18.84
"2020-07-07T23:25:14.000Z","thermometer","temperature_min","°C",18.79
"2020-07-07T23:30:12.000Z","thermometer","temperature_min","°C",18.66
"2020-07-07T23:35:14.000Z","thermometer","temperature_min","°C",18.54
"2020-07-07T23:40:13.000Z","thermometer","temperature_min","°C",18.48
"2020-07-07T23:45:15.000Z","thermometer","temperature_min","°C",18.38
"2020-07-07T23:50:13.000Z","thermometer","temperature_min","°C",18.26
"2020-07-07T23:55:13.000Z","thermometer","temperature_min","°C",18.29
"2020-07-08T00:00:15.000Z","thermometer","temperature_min","°C",18.25
"2020-07-08T00:05:13.000Z","thermometer","temperature_min","°C",18.17
"2020-07-08T00:10:13.000Z","thermometer","temperature_min","°C",18.15
"2020-07-08T00:15:13.000Z","thermometer","temperature_min","°C",18.1
"2020-07-08T00:20:14.000Z","thermometer","temperature_min","°C",18.01
"2020-07-08T00:25:15.000Z","thermometer","temperature_min","°C",18.02
"2020-07-08T00:30:13.000Z","thermometer","temperature_min","°C",18
"2020-07-08T00:35:13.000Z","thermometer","temperature_min","°C",17.87
"2020-07-08T00:40:13.000Z","thermometer","temperature_min","°C",17.78
"2020-07-08T00:45:14.000Z","thermometer","temperature_min","°C",17.67
"2020-07-08T00:50:14.000Z","thermometer","temperature_min","°C",17.63
"2020-07-08T00:55:13.000Z","thermometer","temperature_min","°C",17.6
"2020-07-08T01:00:14.000Z","thermometer","temperature_min","°C",17.64
"2020-07-08T01:05:13.000Z","thermometer","temperature_min","°C",17.65
"2020-07-08T01:10:13.000Z","thermometer","temperature_min","°C",17.64
"2020-07-08T01:15:14.000Z","thermometer","temperature_min","°C",17.48
"2020-07-08T01:20:15.000Z","thermometer","temperature_min","°C",17.48
"2020-07-08T01:25:13.000Z","thermometer","temperature_min","°C",17.5
"2020-07-08T01:30:28.000Z","thermometer","temperature_min","°C",17.47
"2020-07-08T01:35:14.000Z","thermometer","temperature_min","°C",17.45
"2020-07-08T01:40:13.000Z","thermometer","temperature_min","°C",17.36
"2020-07-08T01:45:15.000Z","thermometer","temperature_min","°C",17.22
"2020-07-08T01:50:12.000Z","thermometer","temperature_min","°C",17.22
"2020-07-08T01:55:15.000Z","thermometer","temperature_min","°C",17.17
"2020-07-08T02:00:13.000Z","thermometer","temperature_min","°C",17.07
"2020-07-08T02:05:13.000Z","thermometer","temperature_min","°C",17.05
"2020-07-08T02:10:13.000Z","thermometer","temperature_min","°C",16.96
"2020-07-08T02:15:14.000Z","thermometer","temperature_min","°C",16.87
"2020-07-08T02:20:15.000Z","thermometer","temperature_min","°C",16.75
"2020-07-08T02:25:12.000Z","thermometer","temperature_min","°C",16.7
"2020-07-08T02:30:14.000Z","thermometer","temperature_min","°C",16.53
"2020-07-08T02:35:13.000Z","thermometer","temperature_min","°C",16.13
"2020-07-08T02:40:15.000Z","thermometer","temperature_min","°C",15.73
"2020-07-08T02:45:13.000Z","thermometer","temperature_min","°C",15.38
"2020-07-08T02:50:13.000Z","thermometer","temperature_min","°C",15.15
"2020-07-08T02:55:14.000Z","thermometer","temperature_min","°C",14.94
"2020-07-08T02:55:14.000Z","thermometer","temperature_min","°C",14.94
"2020-07-08T03:00:13.000Z","thermometer","temperature_min","°C",14.88
"2020-07-08T03:05:13.000Z","thermometer","temperature_min","°C",14.78
"2020-07-08T03:10:14.000Z","thermometer","temperature_min","°C",14.73
"2020-07-08T03:15:14.000Z","thermometer","temperature_min","°C",14.64
"2020-07-08T03:20:13.000Z","thermometer","temperature_min","°C",14.6
"2020-07-08T03:25:14.000Z","thermometer","temperature_min","°C",14.52
"2020-07-08T03:30:14.000Z","thermometer","temperature_min","°C",14.35
"2020-07-08T03:35:13.000Z","thermometer","temperature_min","°C",14.28
"2020-07-08T03:40:14.000Z","thermometer","temperature_min","°C",14.21
"2020-07-08T03:45:13.000Z","thermometer","temperature_min","°C",14.17
"2020-07-08T03:50:14.000Z","thermometer","temperature_min","°C",14.18
"2020-07-08T03:55:13.000Z","thermometer","temperature_min","°C",14.22
"2020-07-08T04:00:14.000Z","thermometer","temperature_min","°C",14.27
"2020-07-08T04:05:13.000Z","thermometer","temperature_min","°C",14.34
"2020-07-08T04:10:15.000Z","thermometer","temperature_min","°C",14.39
"2020-07-08T04:15:13.000Z","thermometer","temperature_min","°C",14.4
"2020-07-08T04:20:13.000Z","thermometer","temperature_min","°C",14.62
"2020-07-08T04:25:14.000Z","thermometer","temperature_min","°C",14.76
"2020-07-08T04:30:14.000Z","thermometer","temperature_min","°C",15.09
"2020-07-08T04:35:13.000Z","thermometer","temperature_min","°C",15.24
"2020-07-08T04:40:14.000Z","thermometer","temperature_min","°C",15.65
"2020-07-08T04:45:13.000Z","thermometer","temperature_min","°C",15.84
"2020-07-08T04:50:14.000Z","thermometer","temperature_min","°C",15.94
"2020-07-08T04:55:13.000Z","thermometer","temperature_min","°C",16.19
"2020-07-08T05:00:14.000Z","thermometer","temperature_min","°C",16.63
"2020-07-08T05:05:13.000Z","thermometer","temperature_min","°C",17.18
"2020-07-08T05:10:20.000Z","thermometer","temperature_min","°C",17.87
"2020-07-08T05:15:14.000Z","thermometer","temperature_min","°C",18.52
"2020-07-08T05:20:13.000Z","thermometer","temperature_min","°C",19.17
"2020-07-08T05:25:14.000Z","thermometer","temperature_min","°C",19.85
"2020-07-08T05:30:14.000Z","thermometer","temperature_min","°C",20.17
"2020-07-08T05:35:13.000Z","thermometer","temperature_min","°C",20.1
"2020-07-08T05:40:13.000Z","thermometer","temperature_min","°C",20.18
"2020-07-08T05:45:14.000Z","thermometer","temperature_min","°C",20.42
"2020-07-08T05:50:31.000Z","thermometer","temperature_min","°C",20.66
"2020-07-08T05:55:12.000Z","thermometer","temperature_min","°C",20.97
"2020-07-08T06:00:14.000Z","thermometer","temperature_min","°C",21.08
"2020-07-08T06:05:13.000Z","thermometer","temperature_min","°C",20.99
"2020-07-08T06:10:15.000Z","thermometer","temperature_min","°C",21.06
"2020-07-08T06:15:12.000Z","thermometer","temperature_min","°C",21.1
"2020-07-08T06:20:15.000Z","thermometer","temperature_min","°C",21.16
"2020-07-08T06:25:13.000Z","thermometer","temperature_min","°C",21.52
"2020-07-08T06:30:13.000Z","thermometer","temperature_min","°C",21.72
"2020-07-08T06:35:14.000Z","thermometer","temperature_min","°C",21.73
"2020-07-08T06:40:13.000Z","thermometer","temperature_min","°C",21.82
"2020-07-08T06:45:14.000Z","thermometer","temperature_min","°C",22.07
"2020-07-08T06:50:13.000Z","thermometer","temperature_min","°C",22.63
"2020-07-08T06:55:14.000Z","thermometer","temperature_min","°C",22.25
"2020-07-08T07:00:14.000Z","thermometer","temperature_min","°C",22.45
"2020-07-08T07:05:13.000Z","thermometer","temperature_min","°C",23.16
"2020-07-08T07:10:14.000Z","thermometer","temperature_min","°C",22.72
"2020-07-08T07:15:13.000Z","thermometer","temperature_min","°C",22.82
"2020-07-08T07:20:15.000Z","thermometer","temperature_min","°C",23.08
"2020-07-08T07:25:12.000Z","thermometer","temperature_min","°C",23.49
"2020-07-08T07:35:13.000Z","thermometer","temperature_min","°C",23.61
"2020-07-08T07:40:14.000Z","thermometer","temperature_min","°C",24.15
"2020-07-08T07:45:13.000Z","thermometer","temperature_min","°C",24.5
"2020-07-08T07:50:15.000Z","thermometer","temperature_min","°C",24.83
"2020-07-08T07:55:13.000Z","thermometer","temperature_min","°C",25.21
"2020-07-08T07:55:13.000Z","thermometer","temperature_min","°C",25.21
"2020-07-08T08:00:28.000Z","thermometer","temperature_min","°C",24.97
"2020-07-08T08:05:14.000Z","thermometer","temperature_min","°C",25.03
"2020-07-08T08:10:13.000Z","thermometer","temperature_min","°C",25.14
"2020-07-08T08:20:13.000Z","thermometer","temperature_min","°C",25.21
"2020-07-08T08:25:15.000Z","thermometer","temperature_min","°C",25.42
"2020-07-08T08:30:13.000Z","thermometer","temperature_min","°C",26.33
"2020-07-08T08:35:13.000Z","thermometer","temperature_min","°C",25.98
"2020-07-08T08:40:14.000Z","thermometer","temperature_min","°C",25.74
"2020-07-08T08:45:13.000Z","thermometer","temperature_min","°C",25.76
"2020-07-08T08:50:15.000Z","thermometer","temperature_min","°C",26.36
"2020-07-08T08:55:12.000Z","thermometer","temperature_min","°C",26.22
"2020-07-08T09:00:14.000Z","thermometer","temperature_min","°C",26.17
"2020-07-08T09:05:13.000Z","thermometer","temperature_min","°C",26.11
"2020-07-08T09:10:15.000Z","thermometer","temperature_min","°C",26.54
"2020-07-08T09:15:13.000Z","thermometer","temperature_min","°C",27.33
"2020-07-08T09:20:13.000Z","thermometer","temperature_min","°C",26.97
"2020-07-08T09:25:14.000Z","thermometer","temperature_min","°C",26.82
"2020-07-08T09:30:13.000Z","thermometer","temperature_min","°C",26.86
"2020-07-08T09:35:14.000Z","thermometer","temperature_min","°C",26.35
"2020-07-08T09:40:13.000Z","thermometer","temperature_min","°C",26.16
"2020-07-08T09:45:15.000Z","thermometer","temperature_min","°C",26.61
"2020-07-08T09:50:13.000Z","thermometer","temperature_min","°C",27.05
"2020-07-08T09:55:13.000Z","thermometer","temperature_min","°C",27.07
"2020-07-08T10:00:14.000Z","thermometer","temperature_min","°C",27.02
"2020-07-08T10:05:13.000Z","thermometer","temperature_min","°C",27.22
"2020-07-08T10:10:14.000Z","thermometer","temperature_min","°C",27.72
"2020-07-08T10:15:13.000Z","thermometer","temperature_min","°C",27.22
"2020-07-08T10:20:15.000Z","thermometer","temperature_min","°C",27.45
"2020-07-08T10:25:12.000Z","thermometer","temperature_min","°C",28.43
"2020-07-08T10:25:12.000Z","thermometer","temperature_min","°C",28.43
"2020-07-08T10:30:14.000Z","thermometer","temperature_min","°C",28.26
"2020-07-08T10:35:13.000Z","thermometer","temperature_min","°C",27.52
"2020-07-08T10:40:15.000Z","thermometer","temperature_min","°C",28
"2020-07-08T10:45:13.000Z","thermometer","temperature_min","°C",28.18
"2020-07-08T10:50:13.000Z","thermometer","temperature_min","°C",28.68
"2020-07-08T10:55:14.000Z","thermometer","temperature_min","°C",28.54
"2020-07-08T11:00:13.000Z","thermometer","temperature_min","°C",28.7
"2020-07-08T11:05:31.000Z","thermometer","temperature_min","°C",28.67
"2020-07-08T11:10:12.000Z","thermometer","temperature_min","°C",28.64
"2020-07-08T11:15:14.000Z","thermometer","temperature_min","°C",29.06
"2020-07-08T11:20:13.000Z","thermometer","temperature_min","°C",28.93
"2020-07-08T11:25:14.000Z","thermometer","temperature_min","°C",28.82
"2020-07-08T11:30:14.000Z","thermometer","temperature_min","°C",29.34
"2020-07-08T11:35:13.000Z","thermometer","temperature_min","°C",30.11
"2020-07-08T11:40:13.000Z","thermometer","temperature_min","°C",29.85
"2020-07-08T11:50:15.000Z","thermometer","temperature_min","°C",29.29
"2020-07-08T11:55:13.000Z","thermometer","temperature_min","°C",29.72
"2020-07-08T12:00:13.000Z","thermometer","temperature_min","°C",30.6
"2020-07-08T12:05:13.000Z","thermometer","temperature_min","°C",29.9
"2020-07-08T12:10:14.000Z","thermometer","temperature_min","°C",30.07
"2020-07-08T12:15:14.000Z","thermometer","temperature_min","°C",30.49
"2020-07-08T12:20:13.000Z","thermometer","temperature_min","°C",30.32
"2020-07-08T12:25:15.000Z","thermometer","temperature_min","°C",30.14
"2020-07-08T12:30:13.000Z","thermometer","temperature_min","°C",29.67
"2020-07-08T12:35:13.000Z","thermometer","temperature_min","°C",30.13
"2020-07-08T12:45:15.000Z","thermometer","temperature_min","°C",31.27
"2020-07-08T12:50:13.000Z","thermometer","temperature_min","°C",30.88
"2020-07-08T12:55:13.000Z","thermometer","temperature_min","°C",31.11
"2020-07-08T13:00:15.000Z","thermometer","temperature_min","°C",30.96
"2020-07-08T13:05:12.000Z","thermometer","temperature_min","°C",30.47
"2020-07-08T13:10:13.000Z","thermometer","temperature_min","°C",30.43
"2020-07-08T13:20:13.000Z","thermometer","temperature_min","°C",29.68
"2020-07-08T13:25:14.000Z","thermometer","temperature_min","°C",29.5
"2020-07-08T13:30:13.000Z","thermometer","temperature_min","°C",29.41
"2020-07-08T13:35:14.000Z","thermometer","temperature_min","°C",29.86
"2020-07-08T13:40:13.000Z","thermometer","temperature_min","°C",29.64
"2020-07-08T13:45:14.000Z","thermometer","temperature_min","°C",29.63
"2020-07-08T13:50:13.000Z","thermometer","temperature_min","°C",30.86
"2020-07-08T13:55:15.000Z","thermometer","temperature_min","°C",29.97
"2020-07-08T13:55:15.000Z","thermometer","temperature_min","°C",29.97
"2020-07-08T14:00:13.000Z","thermometer","temperature_min","°C",30.13
"2020-07-08T14:05:13.000Z","thermometer","temperature_min","°C",29.95
"2020-07-08T14:10:14.000Z","thermometer","temperature_min","°C",29.5
"2020-07-08T14:15:13.000Z","thermometer","temperature_min","°C",29.34
"2020-07-08T14:20:14.000Z","thermometer","temperature_min","°C",30.58
"2020-07-08T14:25:13.000Z","thermometer","temperature_min","°C",30.11
"2020-07-08T14:30:14.000Z","thermometer","temperature_min","°C",30.36
"2020-07-08T14:35:13.000Z","thermometer","temperature_min","°C",28.71
"2020-07-08T14:40:14.000Z","thermometer","temperature_min","°C",27.82
"2020-07-08T14:45:13.000Z","thermometer","temperature_min","°C",27.72
"2020-07-08T14:50:14.000Z","thermometer","temperature_min","°C",29.4
"2020-07-08T14:55:14.000Z","thermometer","temperature_min","°C",29.64
"2020-07-08T15:00:13.000Z","thermometer","temperature_min","°C",29.89
"2020-07-08T15:05:31.000Z","thermometer","temperature_min","°C",29.72
"2020-07-08T15:10:12.000Z","thermometer","temperature_min","°C",29.6
"2020-07-08T15:15:13.000Z","thermometer","temperature_min","°C",29.68
"2020-07-08T15:20:14.000Z","thermometer","temperature_min","°C",29.44
"2020-07-08T15:25:14.000Z","thermometer","temperature_min","°C",29.44
"2020-07-08T15:30:13.000Z","thermometer","temperature_min","°C",29.47
"2020-07-08T15:35:18.000Z","thermometer","temperature_min","°C",28.17
"2020-07-08T15:40:14.000Z","thermometer","temperature_min","°C",27.91
"2020-07-08T15:45:13.000Z","thermometer","temperature_min","°C",28.95
"2020-07-08T15:50:13.000Z","thermometer","temperature_min","°C",29.32
"2020-07-08T15:55:14.000Z","thermometer","temperature_min","°C",29.02
"2020-07-08T16:00:14.000Z","thermometer","temperature_min","°C",28.21
"2020-07-08T16:05:13.000Z","thermometer","temperature_min","°C",28.22
"2020-07-08T16:10:15.000Z","thermometer","temperature_min","°C",28.24
"2020-07-08T16:15:13.000Z","thermometer","temperature_min","°C",28.23
"2020-07-08T16:20:13.000Z","thermometer","temperature_min","°C",28
"2020-07-08T16:20:13.000Z","thermometer","temperature_min","°C",28
"2020-07-08T16:25:14.000Z","thermometer","temperature_min","°C",27.8
"2020-07-08T16:30:13.000Z","thermometer","temperature_min","°C",27.64
"2020-07-08T16:35:24.000Z","thermometer","temperature_min","°C",27.7
"2020-07-08T16:40:31.000Z","thermometer","temperature_min","°C",27.66
"2020-07-08T16:45:11.000Z","thermometer","temperature_min","°C",27.6
"2020-07-08T16:50:15.000Z","thermometer","temperature_min","°C",27.29
"2020-07-08T16:50:15.000Z","thermometer","temperature_min","°C",27.29
"2020-07-08T16:55:13.000Z","thermometer","temperature_min","°C",27.2
"2020-07-08T17:00:15.000Z","thermometer","temperature_min","°C",27.2
"2020-07-08T17:05:20.000Z","thermometer","temperature_min","°C",27.06
"2020-07-08T17:10:14.000Z","thermometer","temperature_min","°C",26.83
"2020-07-08T17:15:13.000Z","thermometer","temperature_min","°C",26.82
"2020-07-08T17:20:15.000Z","thermometer","temperature_min","°C",26.71
"2020-07-08T17:25:13.000Z","thermometer","temperature_min","°C",26.53
"2020-07-08T17:30:14.000Z","thermometer","temperature_min","°C",26.48
"2020-07-08T17:35:13.000Z","thermometer","temperature_min","°C",26.17
"2020-07-08T17:40:13.000Z","thermometer","temperature_min","°C",26.04
"2020-07-08T17:45:15.000Z","thermometer","temperature_min","°C",25.78
"2020-07-08T17:50:12.000Z","thermometer","temperature_min","°C",25.64
"2020-07-08T17:55:13.000Z","thermometer","temperature_min","°C",25.37
"2020-07-08T18:00:14.000Z","thermometer","temperature_min","°C",25.26
"2020-07-08T18:05:14.000Z","thermometer","temperature_min","°C",25.09
"2020-07-08T18:10:13.000Z","thermometer","temperature_min","°C",24.67
"2020-07-08T18:15:14.000Z","thermometer","temperature_min","°C",24.36
"2020-07-08T18:20:14.000Z","thermometer","temperature_min","°C",23.95
"2020-07-08T18:25:13.000Z","thermometer","temperature_min","°C",23.72
"2020-07-08T18:30:17.000Z","thermometer","temperature_min","°C",23.56
"2020-07-08T18:35:12.000Z","thermometer","temperature_min","°C",23.31
"2020-07-08T18:40:14.000Z","thermometer","temperature_min","°C",23.11
"2020-07-08T18:45:13.000Z","thermometer","temperature_min","°C",22.9
"2020-07-08T18:50:14.000Z","thermometer","temperature_min","°C",22.7
"2020-07-08T18:55:14.000Z","thermometer","temperature_min","°C",22.64
"2020-07-08T19:00:13.000Z","thermometer","temperature_min","°C",22.49
"2020-07-08T19:05:14.000Z","thermometer","temperature_min","°C",22.34
"2020-07-08T19:10:13.000Z","thermometer","temperature_min","°C",22.2
"2020-07-08T19:15:15.000Z","thermometer","temperature_min","°C",22
"2020-07-08T19:20:13.000Z","thermometer","temperature_min","°C",21.81
"2020-07-08T19:25:13.000Z","thermometer","temperature_min","°C",21.38
"2020-07-08T19:30:13.000Z","thermometer","temperature_min","°C",20.96
"2020-07-08T19:35:14.000Z","thermometer","temperature_min","°C",20.69
"2020-07-08T19:40:14.000Z","thermometer","temperature_min","°C",20.39
"2020-07-08T19:45:13.000Z","thermometer","temperature_min","°C",20.05
"2020-07-08T19:50:15.000Z","thermometer","temperature_min","°C",19.76
"2020-07-08T19:55:12.000Z","thermometer","temperature_min","°C",19.46
"2020-07-08T20:00:14.000Z","thermometer","temperature_min","°C",19.3
"2020-07-08T20:05:31.000Z","thermometer","temperature_min","°C",19.12
"2020-07-08T20:10:12.000Z","thermometer","temperature_min","°C",18.98
"2020-07-08T20:15:13.000Z","thermometer","temperature_min","°C",18.92
"2020-07-08T20:20:15.000Z","thermometer","temperature_min","°C",18.82
"2020-07-08T20:25:13.000Z","thermometer","temperature_min","°C",18.77
"2020-07-08T20:30:13.000Z","thermometer","temperature_min","°C",18.72
"2020-07-08T20:35:14.000Z","thermometer","temperature_min","°C",18.7
"2020-07-08T20:40:13.000Z","thermometer","temperature_min","°C",18.74
"2020-07-08T20:45:15.000Z","thermometer","temperature_min","°C",18.75
"2020-07-08T20:50:13.000Z","thermometer","temperature_min","°C",18.78
"2020-07-08T20:55:12.000Z","thermometer","temperature_min","°C",18.76
"2020-07-08T21:00:14.000Z","thermometer","temperature_min","°C",18.68
"2020-07-08T21:05:14.000Z","thermometer","temperature_min","°C",18.54
"2020-07-08T21:10:14.000Z","thermometer","temperature_min","°C",18.48
"2020-07-08T21:15:13.000Z","thermometer","temperature_min","°C",18.26
"2020-07-08T21:20:14.000Z","thermometer","temperature_min","°C",18.02
"2020-07-08T21:25:13.000Z","thermometer","temperature_min","°C",17.88
"2020-07-08T21:30:15.000Z","thermometer","temperature_min","°C",17.76
"2020-07-08T21:35:13.000Z","thermometer","temperature_min","°C",17.59
"2020-07-08T21:40:13.000Z","thermometer","temperature_min","°C",17.47
"2020-07-08T21:45:14.000Z","thermometer","temperature_min","°C",17.35
"2020-07-08T21:50:13.000Z","thermometer","temperature_min","°C",17.25
"2020-07-08T21:55:20.000Z","thermometer","temperature_min","°C",17.26
"2020-07-08T22:00:28.000Z","thermometer","temperature_min","°C",17.17
"2020-07-08T22:05:14.000Z","thermometer","temperature_min","°C",17.06
"2020-07-08T22:10:14.000Z","thermometer","temperature_min","°C",16.98
"2020-07-08T22:15:13.000Z","thermometer","temperature_min","°C",16.9
"2020-07-08T22:20:13.000Z","thermometer","temperature_min","°C",16.78
"2020-07-08T22:25:15.000Z","thermometer","temperature_min","°C",16.78
"2020-07-08T22:35:13.000Z","thermometer","temperature_min","°C",16.93
"2020-07-08T22:40:14.000Z","thermometer","temperature_min","°C",17.16
"2020-07-08T22:45:13.000Z","thermometer","temperature_min","°C",17.3
"2020-07-08T22:50:14.000Z","thermometer","temperature_min","°C",17.21
"2020-07-08T22:55:13.000Z","thermometer","temperature_min","°C",17.22
"2020-07-08T23:00:15.000Z","thermometer","temperature_min","°C",17.27
"2020-07-08T23:05:13.000Z","thermometer","temperature_min","°C",17.28
"2020-07-08T23:10:13.000Z","thermometer","temperature_min","°C",17.25
"2020-07-08T23:15:14.000Z","thermometer","temperature_min","°C",17.3
"2020-07-08T23:20:13.000Z","thermometer","temperature_min","°C",17.44
"2020-07-08T23:25:14.000Z","thermometer","temperature_min","°C",17.43
"2020-07-08T23:30:13.000Z","thermometer","temperature_min","°C",17.41
"2020-07-08T23:35:21.000Z","thermometer","temperature_min","°C",17.38
"2020-07-08T23:40:12.000Z","thermometer","temperature_min","°C",17.36
"2020-07-08T23:45:14.000Z","thermometer","temperature_min","°C",17.45
"2020-07-08T23:50:13.000Z","thermometer","temperature_min","°C",17.39
"2020-07-08T23:55:28.000Z","thermometer","temperature_min","°C",17.38
"2020-07-09T00:00:15.000Z","thermometer","temperature_min","°C",17.24
"2020-07-09T00:05:13.000Z","thermometer","temperature_min","°C",17.14
"2020-07-09T00:10:14.000Z","thermometer","temperature_min","°C",17.11
"2020-07-09T00:15:13.000Z","thermometer","temperature_min","°C",16.99
"2020-07-09T00:20:15.000Z","thermometer","temperature_min","°C",16.89
"2020-07-09T00:25:13.000Z","thermometer","temperature_min","°C",16.84
"2020-07-09T00:30:13.000Z","thermometer","temperature_min","°C",16.86
"2020-07-09T00:35:13.000Z","thermometer","temperature_min","°C",16.91
"2020-07-09T00:40:15.000Z","thermometer","temperature_min","°C",16.88
"2020-07-09T00:45:13.000Z","thermometer","temperature_min","°C",16.82
"2020-07-09T00:50:13.000Z","thermometer","temperature_min","°C",16.73
"2020-07-09T00:55:14.000Z","thermometer","temperature_min","°C",16.66
"2020-07-09T01:00:13.000Z","thermometer","temperature_min","°C",16.63
"2020-07-09T01:05:14.000Z","thermometer","temperature_min","°C",16.61
"2020-07-09T01:10:13.000Z","thermometer","temperature_min","°C",16.65
"2020-07-09T01:15:15.000Z","thermometer","temperature_min","°C",16.66
"2020-07-09T01:20:13.000Z","thermometer","temperature_min","°C",16.61
"2020-07-09T01:25:13.000Z","thermometer","temperature_min","°C",16.52
"2020-07-09T01:30:14.000Z","thermometer","temperature_min","°C",16.41
"2020-07-09T01:35:13.000Z","thermometer","temperature_min","°C",16.38
"2020-07-09T01:45:13.000Z","thermometer","temperature_min","°C",16.46
"2020-07-09T01:50:15.000Z","thermometer","temperature_min","°C",16.45
"2020-07-09T01:55:12.000Z","thermometer","temperature_min","°C",16.44
"2020-07-09T02:00:14.000Z","thermometer","temperature_min","°C",16.47
"2020-07-09T02:05:14.000Z","thermometer","temperature_min","°C",16.4
"2020-07-09T02:10:13.000Z","thermometer","temperature_min","°C",16.29
"2020-07-09T02:15:14.000Z","thermometer","temperature_min","°C",16.28
"2020-07-09T02:20:28.000Z","thermometer","temperature_min","°C",16.4
"2020-07-09T02:25:14.000Z","thermometer","temperature_min","°C",16.41
"2020-07-09T02:30:14.000Z","thermometer","temperature_min","°C",16.3
"2020-07-09T02:35:13.000Z","thermometer","temperature_min","°C",16.2
"2020-07-09T02:40:13.000Z","thermometer","temperature_min","°C",16.21
"2020-07-09T02:45:15.000Z","thermometer","temperature_min","°C",16.26
"2020-07-09T02:50:13.000Z","thermometer","temperature_min","°C",16.24
"2020-07-09T02:55:13.000Z","thermometer","temperature_min","°C",16.28
"2020-07-09T03:00:14.000Z","thermometer","temperature_min","°C",16.37
"2020-07-09T03:05:13.000Z","thermometer","temperature_min","°C",16.36
"2020-07-09T03:10:15.000Z","thermometer","temperature_min","°C",16.45
"2020-07-09T03:15:12.000Z","thermometer","temperature_min","°C",16.5
"2020-07-09T03:20:15.000Z","thermometer","temperature_min","°C",16.65
"2020-07-09T03:25:13.000Z","thermometer","temperature_min","°C",16.61
"2020-07-09T03:30:13.000Z","thermometer","temperature_min","°C",16.72
"2020-07-09T03:35:14.000Z","thermometer","temperature_min","°C",16.74
"2020-07-09T03:40:13.000Z","thermometer","temperature_min","°C",16.64
"2020-07-09T03:45:14.000Z","thermometer","temperature_min","°C",16.59
"2020-07-09T03:50:13.000Z","thermometer","temperature_min","°C",16.53
"2020-07-09T03:55:15.000Z","thermometer","temperature_min","°C",16.44
"2020-07-09T04:00:14.000Z","thermometer","temperature_min","°C",16.46
"2020-07-09T04:05:13.000Z","thermometer","temperature_min","°C",16.44
"2020-07-09T04:10:15.000Z","thermometer","temperature_min","°C",16.48
"2020-07-09T04:15:13.000Z","thermometer","temperature_min","°C",16.52
"2020-07-09T04:20:14.000Z","thermometer","temperature_min","°C",16.75
"2020-07-09T04:25:14.000Z","thermometer","temperature_min","°C",17.02
"2020-07-09T04:30:13.000Z","thermometer","temperature_min","°C",17.16
"2020-07-09T04:35:15.000Z","thermometer","temperature_min","°C",17.26
"2020-07-09T04:40:12.000Z","thermometer","temperature_min","°C",17.51
"2020-07-09T04:45:14.000Z","thermometer","temperature_min","°C",17.87
"2020-07-09T04:50:13.000Z","thermometer","temperature_min","°C",17.96
"2020-07-09T04:55:14.000Z","thermometer","temperature_min","°C",18.28
"2020-07-09T05:00:14.000Z","thermometer","temperature_min","°C",18.55
"2020-07-09T05:05:13.000Z","thermometer","temperature_min","°C",18.95
"2020-07-09T05:10:14.000Z","thermometer","temperature_min","°C",19.48
"2020-07-09T05:15:19.000Z","thermometer","temperature_min","°C",19.71
"2020-07-09T05:20:14.000Z","thermometer","temperature_min","°C",20.21
"2020-07-09T05:25:13.000Z","thermometer","temperature_min","°C",20.49
"2020-07-09T05:30:15.000Z","thermometer","temperature_min","°C",21.38
"2020-07-09T05:35:12.000Z","thermometer","temperature_min","°C",21.5
"2020-07-09T05:40:14.000Z","thermometer","temperature_min","°C",21.75
"2020-07-09T05:45:14.000Z","thermometer","temperature_min","°C",21.96
"2020-07-09T05:50:13.000Z","thermometer","temperature_min","°C",22.48
"2020-07-09T05:55:31.000Z","thermometer","temperature_min","°C",22.66
"2020-07-09T06:00:12.000Z","thermometer","temperature_min","°C",23.13
"2020-07-09T06:05:14.000Z","thermometer","temperature_min","°C",23.47
"2020-07-09T06:10:13.000Z","thermometer","temperature_min","°C",24.06
"2020-07-09T06:15:14.000Z","thermometer","temperature_min","°C",24.35
"2020-07-09T06:20:13.000Z","thermometer","temperature_min","°C",24.71
"2020-07-09T06:25:15.000Z","thermometer","temperature_min","°C",24.48
"2020-07-09T06:30:13.000Z","thermometer","temperature_min","°C",24.34
"2020-07-09T06:35:13.000Z","thermometer","temperature_min","°C",24.64
"2020-07-09T06:35:13.000Z","thermometer","temperature_min","°C",24.64
"2020-07-09T06:40:14.000Z","thermometer","temperature_min","°C",24.64
"2020-07-09T06:45:13.000Z","thermometer","temperature_min","°C",24.85
"2020-07-09T06:50:14.000Z","thermometer","temperature_min","°C",25.51
"2020-07-09T06:55:13.000Z","thermometer","temperature_min","°C",25.42
"2020-07-09T07:00:15.000Z","thermometer","temperature_min","°C",25.26
"2020-07-09T07:05:13.000Z","thermometer","temperature_min","°C",25.4
"2020-07-09T07:10:13.000Z","thermometer","temperature_min","°C",25.45
"2020-07-09T07:10:13.000Z","thermometer","temperature_min","°C",25.45
"2020-07-09T07:15:14.000Z","thermometer","temperature_min","°C",25.48
"2020-07-09T07:20:13.000Z","thermometer","temperature_min","°C",25.54
"2020-07-09T07:25:14.000Z","thermometer","temperature_min","°C",25.7
"2020-07-09T07:30:13.000Z","thermometer","temperature_min","°C",25.97
"2020-07-09T07:35:14.000Z","thermometer","temperature_min","°C",26.22
"2020-07-09T07:40:13.000Z","thermometer","temperature_min","°C",26.67
"2020-07-09T07:45:15.000Z","thermometer","temperature_min","°C",27.02
"2020-07-09T07:50:12.000Z","thermometer","temperature_min","°C",27.22
"2020-07-09T07:55:15.000Z","thermometer","temperature_min","°C",27.32
"2020-07-09T08:00:28.000Z","thermometer","temperature_min","°C",27.59
"2020-07-09T08:05:14.000Z","thermometer","temperature_min","°C",27.56
"2020-07-09T08:10:13.000Z","thermometer","temperature_min","°C",27.58
"2020-07-09T08:15:13.000Z","thermometer","temperature_min","°C",28.2
"2020-07-09T08:20:14.000Z","thermometer","temperature_min","°C",28.06
"2020-07-09T08:25:14.000Z","thermometer","temperature_min","°C",28.22
"2020-07-09T08:30:13.000Z","thermometer","temperature_min","°C",28.36
"2020-07-09T08:35:14.000Z","thermometer","temperature_min","°C",28.71
"2020-07-09T08:40:13.000Z","thermometer","temperature_min","°C",28.71
"2020-07-09T08:40:13.000Z","thermometer","temperature_min","°C",28.71
"2020-07-09T08:45:15.000Z","thermometer","temperature_min","°C",29.44
"2020-07-09T08:50:12.000Z","thermometer","temperature_min","°C",29.36
"2020-07-09T08:55:14.000Z","thermometer","temperature_min","°C",29.36
"2020-07-09T09:00:13.000Z","thermometer","temperature_min","°C",29.13
"2020-07-09T09:05:14.000Z","thermometer","temperature_min","°C",30.06
"2020-07-09T09:10:14.000Z","thermometer","temperature_min","°C",29.35
"2020-07-09T09:15:13.000Z","thermometer","temperature_min","°C",30.03
"2020-07-09T09:20:14.000Z","thermometer","temperature_min","°C",30.02
"2020-07-09T09:25:13.000Z","thermometer","temperature_min","°C",30.39
"2020-07-09T09:30:15.000Z","thermometer","temperature_min","°C",30.1
"2020-07-09T09:35:13.000Z","thermometer","temperature_min","°C",30.41
"2020-07-09T09:40:13.000Z","thermometer","temperature_min","°C",31.09
"2020-07-09T09:45:13.000Z","thermometer","temperature_min","°C",30.65
"2020-07-09T09:50:14.000Z","thermometer","temperature_min","°C",30.4
"2020-07-09T09:55:14.000Z","thermometer","temperature_min","°C",30.34
"2020-07-09T10:00:13.000Z","thermometer","temperature_min","°C",30.58
"2020-07-09T10:05:15.000Z","thermometer","temperature_min","°C",30.56
"2020-07-09T10:10:12.000Z","thermometer","temperature_min","°C",31.08
"2020-07-09T10:15:15.000Z","thermometer","temperature_min","°C",31.05
"2020-07-09T10:20:13.000Z","thermometer","temperature_min","°C",31.33
"2020-07-09T10:25:13.000Z","thermometer","temperature_min","°C",31.67
"2020-07-09T10:30:14.000Z","thermometer","temperature_min","°C",31.01
"2020-07-09T10:35:13.000Z","thermometer","temperature_min","°C",31.29
"2020-07-09T10:40:14.000Z","thermometer","temperature_min","°C",31.14
"2020-07-09T10:45:13.000Z","thermometer","temperature_min","°C",30.75
"2020-07-09T10:50:31.000Z","thermometer","temperature_min","°C",30.1
"2020-07-09T10:55:12.000Z","thermometer","temperature_min","°C",30.34
"2020-07-09T11:00:14.000Z","thermometer","temperature_min","°C",31.66
"2020-07-09T11:05:13.000Z","thermometer","temperature_min","°C",31.04
"2020-07-09T11:10:14.000Z","thermometer","temperature_min","°C",31.05
"2020-07-09T11:15:13.000Z","thermometer","temperature_min","°C",31.01
"2020-07-09T11:20:15.000Z","thermometer","temperature_min","°C",31.44
"2020-07-09T11:25:13.000Z","thermometer","temperature_min","°C",31.44
"2020-07-09T11:30:13.000Z","thermometer","temperature_min","°C",31.95
"2020-07-09T11:35:14.000Z","thermometer","temperature_min","°C",31.99
"2020-07-09T11:40:13.000Z","thermometer","temperature_min","°C",30.89
"2020-07-09T11:45:14.000Z","thermometer","temperature_min","°C",30.3
"2020-07-09T11:50:13.000Z","thermometer","temperature_min","°C",31.37
"2020-07-09T11:55:14.000Z","thermometer","temperature_min","°C",31.52
"2020-07-09T12:00:14.000Z","thermometer","temperature_min","°C",31.6
"2020-07-09T12:05:13.000Z","thermometer","temperature_min","°C",31.27
"2020-07-09T12:10:16.000Z","thermometer","temperature_min","°C",31.62
"2020-07-09T12:15:13.000Z","thermometer","temperature_min","°C",31.78
"2020-07-09T12:20:15.000Z","thermometer","temperature_min","°C",30.93
"2020-07-09T12:25:12.000Z","thermometer","temperature_min","°C",31.89
"2020-07-09T12:30:14.000Z","thermometer","temperature_min","°C",32.19
"2020-07-09T12:35:14.000Z","thermometer","temperature_min","°C",32.28
"2020-07-09T12:40:13.000Z","thermometer","temperature_min","°C",32.23
"2020-07-09T12:45:13.000Z","thermometer","temperature_min","°C",31.06
"2020-07-09T12:50:14.000Z","thermometer","temperature_min","°C",31.4
"2020-07-09T12:55:15.000Z","thermometer","temperature_min","°C",32.85
"2020-07-09T13:00:15.000Z","thermometer","temperature_min","°C",33.28
"2020-07-09T13:05:12.000Z","thermometer","temperature_min","°C",32.41
"2020-07-09T13:10:14.000Z","thermometer","temperature_min","°C",32.24
"2020-07-09T13:15:15.000Z","thermometer","temperature_min","°C",32.2
"2020-07-09T13:20:14.000Z","thermometer","temperature_min","°C",32.83
"2020-07-09T13:25:12.000Z","thermometer","temperature_min","°C",32.68
"2020-07-09T13:30:14.000Z","thermometer","temperature_min","°C",32.06
"2020-07-09T13:35:13.000Z","thermometer","temperature_min","°C",31.84
"2020-07-09T13:40:15.000Z","thermometer","temperature_min","°C",31.88
"2020-07-09T13:45:14.000Z","thermometer","temperature_min","°C",31.78
"2020-07-09T13:50:14.000Z","thermometer","temperature_min","°C",31.39
"2020-07-09T13:55:14.000Z","thermometer","temperature_min","°C",31.48
"2020-07-09T14:00:13.000Z","thermometer","temperature_min","°C",31.52
"2020-07-09T14:05:14.000Z","thermometer","temperature_min","°C",31.4
"2020-07-09T14:10:13.000Z","thermometer","temperature_min","°C",31.78
"2020-07-09T14:15:14.000Z","thermometer","temperature_min","°C",31.67
"2020-07-09T14:20:31.000Z","thermometer","temperature_min","°C",31.3
"2020-07-09T14:25:12.000Z","thermometer","temperature_min","°C",31.31
"2020-07-09T14:30:14.000Z","thermometer","temperature_min","°C",31.6
"2020-07-09T14:35:13.000Z","thermometer","temperature_min","°C",31.41
"2020-07-09T14:40:15.000Z","thermometer","temperature_min","°C",31.07
"2020-07-09T14:50:13.000Z","thermometer","temperature_min","°C",30.94
"2020-07-09T14:55:14.000Z","thermometer","temperature_min","°C",31.08
"2020-07-09T15:00:14.000Z","thermometer","temperature_min","°C",31.03
"2020-07-09T15:05:13.000Z","thermometer","temperature_min","°C",30.86
"2020-07-09T15:10:15.000Z","thermometer","temperature_min","°C",30.54
"2020-07-09T15:15:13.000Z","thermometer","temperature_min","°C",30.46
"2020-07-09T15:20:13.000Z","thermometer","temperature_min","°C",30.7
"2020-07-09T15:25:14.000Z","thermometer","temperature_min","°C",30.81
"2020-07-09T15:30:13.000Z","thermometer","temperature_min","°C",30.68
"2020-07-09T15:35:15.000Z","thermometer","temperature_min","°C",30.6
"2020-07-09T15:40:12.000Z","thermometer","temperature_min","°C",30.42
"2020-07-09T15:45:13.000Z","thermometer","temperature_min","°C",30.33
"2020-07-09T15:50:15.000Z","thermometer","temperature_min","°C",29.89
"2020-07-09T15:55:13.000Z","thermometer","temperature_min","°C",29.9
"2020-07-09T16:00:31.000Z","thermometer","temperature_min","°C",29.98
"2020-07-09T16:05:12.000Z","thermometer","temperature_min","°C",29.82
"2020-07-09T16:15:14.000Z","thermometer","temperature_min","°C",29.35
"2020-07-09T16:20:13.000Z","thermometer","temperature_min","°C",29.28
"2020-07-09T16:25:15.000Z","thermometer","temperature_min","°C",29.21
"2020-07-09T16:30:13.000Z","thermometer","temperature_min","°C",29
"2020-07-09T16:35:13.000Z","thermometer","temperature_min","°C",28.88
"2020-07-09T16:40:14.000Z","thermometer","temperature_min","°C",29
"2020-07-09T16:45:14.000Z","thermometer","temperature_min","°C",28.85
"2020-07-09T16:50:13.000Z","thermometer","temperature_min","°C",29.05
"2020-07-09T16:55:19.000Z","thermometer","temperature_min","°C",28.93
"2020-07-09T17:00:14.000Z","thermometer","temperature_min","°C",28.84
"2020-07-09T17:05:14.000Z","thermometer","temperature_min","°C",28.61
"2020-07-09T17:10:13.000Z","thermometer","temperature_min","°C",28.79
"2020-07-09T17:15:15.000Z","thermometer","temperature_min","°C",28.63
"2020-07-09T17:20:13.000Z","thermometer","temperature_min","°C",28.33
"2020-07-09T17:25:13.000Z","thermometer","temperature_min","°C",27.88
"2020-07-09T17:30:14.000Z","thermometer","temperature_min","°C",27.67
"2020-07-09T17:35:13.000Z","thermometer","temperature_min","°C",27.65
"2020-07-09T17:40:13.000Z","thermometer","temperature_min","°C",27.44
"2020-07-09T17:45:14.000Z","thermometer","temperature_min","°C",27.01
"2020-07-09T17:50:15.000Z","thermometer","temperature_min","°C",26.75
"2020-07-09T17:55:13.000Z","thermometer","temperature_min","°C",26.44
"2020-07-09T18:00:28.000Z","thermometer","temperature_min","°C",26.2
"2020-07-09T18:05:14.000Z","thermometer","temperature_min","°C",25.88
"2020-07-09T18:15:15.000Z","thermometer","temperature_min","°C",25.2
"2020-07-09T18:20:12.000Z","thermometer","temperature_min","°C",24.98
"2020-07-09T18:25:14.000Z","thermometer","temperature_min","°C",24.75
"2020-07-09T18:30:13.000Z","thermometer","temperature_min","°C",24.53
"2020-07-09T18:35:15.000Z","thermometer","temperature_min","°C",24.32
"2020-07-09T18:40:13.000Z","thermometer","temperature_min","°C",24.1
"2020-07-09T18:45:13.000Z","thermometer","temperature_min","°C",24
"2020-07-09T18:50:14.000Z","thermometer","temperature_min","°C",23.7
"2020-07-09T18:55:13.000Z","thermometer","temperature_min","°C",23.46
"2020-07-09T19:00:14.000Z","thermometer","temperature_min","°C",23.24
"2020-07-09T19:05:13.000Z","thermometer","temperature_min","°C",23.05
"2020-07-09T19:10:14.000Z","thermometer","temperature_min","°C",22.9
"2020-07-09T19:15:13.000Z","thermometer","temperature_min","°C",22.84
"2020-07-09T19:20:14.000Z","thermometer","temperature_min","°C",22.57
"2020-07-09T19:25:13.000Z","thermometer","temperature_min","°C",22.34
"2020-07-09T19:30:14.000Z","thermometer","temperature_min","°C",22.16
"2020-07-09T19:35:13.000Z","thermometer","temperature_min","°C",22.11
"2020-07-09T19:40:14.000Z","thermometer","temperature_min","°C",22.3
"2020-07-09T19:50:13.000Z","thermometer","temperature_min","°C",22.47
"2020-07-09T19:55:14.000Z","thermometer","temperature_min","°C",22.28
"2020-07-09T20:00:13.000Z","thermometer","temperature_min","°C",21.6
"2020-07-09T20:05:14.000Z","thermometer","temperature_min","°C",21.24
"2020-07-09T20:10:14.000Z","thermometer","temperature_min","°C",20.96
"2020-07-09T20:15:14.000Z","thermometer","temperature_min","°C",20.6
"2020-07-09T20:20:13.000Z","thermometer","temperature_min","°C",20.08
"2020-07-09T20:25:13.000Z","thermometer","temperature_min","°C",19.62
"2020-07-09T20:30:15.000Z","thermometer","temperature_min","°C",19.23
"2020-07-09T20:35:12.000Z","thermometer","temperature_min","°C",18.96
"2020-07-09T20:40:13.000Z","thermometer","temperature_min","°C",18.66
"2020-07-09T20:45:15.000Z","thermometer","temperature_min","°C",18.44
"2020-07-09T20:50:28.000Z","thermometer","temperature_min","°C",18.27
"2020-07-09T20:55:14.000Z","thermometer","temperature_min","°C",18.31
"2020-07-09T21:00:13.000Z","thermometer","temperature_min","°C",18.19
"2020-07-09T21:05:14.000Z","thermometer","temperature_min","°C",18
"2020-07-09T21:10:13.000Z","thermometer","temperature_min","°C",17.96
"2020-07-09T21:15:15.000Z","thermometer","temperature_min","°C",18.1
"2020-07-09T21:20:12.000Z","thermometer","temperature_min","°C",18.06
"2020-07-09T21:25:15.000Z","thermometer","temperature_min","°C",17.87
"2020-07-09T21:30:13.000Z","thermometer","temperature_min","°C",17.71
"2020-07-09T21:35:13.000Z","thermometer","temperature_min","°C",17.7
"2020-07-09T21:40:14.000Z","thermometer","temperature_min","°C",17.63
"2020-07-09T21:45:13.000Z","thermometer","temperature_min","°C",17.52
"2020-07-09T21:50:15.000Z","thermometer","temperature_min","°C",17.52
"2020-07-09T21:55:12.000Z","thermometer","temperature_min","°C",17.53
"2020-07-09T22:00:14.000Z","thermometer","temperature_min","°C",17.48
"2020-07-09T22:05:13.000Z","thermometer","temperature_min","°C",17.42
"2020-07-09T22:10:15.000Z","thermometer","temperature_min","°C",17.43
"2020-07-09T22:15:14.000Z","thermometer","temperature_min","°C",17.37
"2020-07-09T22:20:12.000Z","thermometer","temperature_min","°C",17.37
"2020-07-09T22:25:14.000Z","thermometer","temperature_min","°C",17.3
"2020-07-09T22:30:13.000Z","thermometer","temperature_min","°C",17.24
"2020-07-09T22:35:15.000Z","thermometer","temperature_min","°C",17.19
"2020-07-09T22:40:12.000Z","thermometer","temperature_min","°C",17.2
"2020-07-09T22:45:14.000Z","thermometer","temperature_min","°C",17.1
"2020-07-09T22:50:13.000Z","thermometer","temperature_min","°C",17.08
"2020-07-09T22:55:15.000Z","thermometer","temperature_min","°C",17.08
"2020-07-09T23:00:13.000Z","thermometer","temperature_min","°C",17.05
"2020-07-09T23:05:13.000Z","thermometer","temperature_min","°C",17
"2020-07-09T23:10:30.000Z","thermometer","temperature_min","°C",17
"2020-07-09T23:15:13.000Z","thermometer","temperature_min","°C",17.02
"2020-07-09T23:20:15.000Z","thermometer","temperature_min","°C",17.04
"2020-07-09T23:25:12.000Z","thermometer","temperature_min","°C",17
"2020-07-09T23:30:15.000Z","thermometer","temperature_min","°C",16.97
"2020-07-09T23:35:12.000Z","thermometer","temperature_min","°C",16.88
"2020-07-09T23:40:15.000Z","thermometer","temperature_min","°C",16.84
"2020-07-09T23:45:16.000Z","thermometer","temperature_min","°C",16.8
"2020-07-09T23:50:12.000Z","thermometer","temperature_min","°C",16.69
"2020-07-09T23:55:14.000Z","thermometer","temperature_min","°C",16.7
"2020-07-10T00:00:13.000Z","thermometer","temperature_min","°C",16.68
"2020-07-10T00:05:14.000Z","thermometer","temperature_min","°C",16.65
"2020-07-10T00:10:28.000Z","thermometer","temperature_min","°C",16.51
"2020-07-10T00:15:14.000Z","thermometer","temperature_min","°C",16.51
"2020-07-10T00:20:14.000Z","thermometer","temperature_min","°C",16.45
"2020-07-10T00:25:13.000Z","thermometer","temperature_min","°C",16.35
"2020-07-10T00:30:14.000Z","thermometer","temperature_min","°C",16.43
"2020-07-10T00:35:13.000Z","thermometer","temperature_min","°C",16.41
"2020-07-10T00:40:14.000Z","thermometer","temperature_min","°C",16.28
"2020-07-10T00:45:13.000Z","thermometer","temperature_min","°C",16.21
"2020-07-10T00:50:14.000Z","thermometer","temperature_min","°C",16.2
"2020-07-10T00:55:13.000Z","thermometer","temperature_min","°C",16.14
"2020-07-10T01:00:15.000Z","thermometer","temperature_min","°C",16.09
"2020-07-10T01:05:12.000Z","thermometer","temperature_min","°C",16.14
"2020-07-10T01:10:15.000Z","thermometer","temperature_min","°C",16.24
"2020-07-10T01:15:18.000Z","thermometer","temperature_min","°C",16.21
"2020-07-10T01:20:12.000Z","thermometer","temperature_min","°C",16.16
"2020-07-10T01:25:14.000Z","thermometer","temperature_min","°C",16.1
"2020-07-10T01:30:13.000Z","thermometer","temperature_min","°C",16.09
"2020-07-10T01:35:15.000Z","thermometer","temperature_min","°C",15.92
"2020-07-10T01:40:12.000Z","thermometer","temperature_min","°C",15.88
"2020-07-10T01:45:14.000Z","thermometer","temperature_min","°C",15.8
"2020-07-10T01:50:13.000Z","thermometer","temperature_min","°C",15.75
"2020-07-10T01:55:15.000Z","thermometer","temperature_min","°C",15.74
"2020-07-10T02:00:13.000Z","thermometer","temperature_min","°C",15.73
"2020-07-10T02:05:14.000Z","thermometer","temperature_min","°C",15.64
"2020-07-10T02:10:13.000Z","thermometer","temperature_min","°C",15.64
"2020-07-10T02:15:13.000Z","thermometer","temperature_min","°C",15.62
"2020-07-10T02:20:14.000Z","thermometer","temperature_min","°C",15.62
"2020-07-10T02:25:13.000Z","thermometer","temperature_min","°C",15.66
"2020-07-10T02:30:15.000Z","thermometer","temperature_min","°C",15.72
"2020-07-10T02:35:13.000Z","thermometer","temperature_min","°C",15.74
"2020-07-10T02:40:13.000Z","thermometer","temperature_min","°C",15.65
"2020-07-10T02:45:14.000Z","thermometer","temperature_min","°C",15.6
"2020-07-10T02:50:13.000Z","thermometer","temperature_min","°C",15.57
"2020-07-10T02:55:15.000Z","thermometer","temperature_min","°C",15.48
"2020-07-10T03:00:12.000Z","thermometer","temperature_min","°C",15.5
"2020-07-10T03:05:15.000Z","thermometer","temperature_min","°C",15.5
"2020-07-10T03:10:12.000Z","thermometer","temperature_min","°C",15.58
"2020-07-10T03:15:31.000Z","thermometer","temperature_min","°C",15.72
"2020-07-10T03:20:12.000Z","thermometer","temperature_min","°C",15.74
"2020-07-10T03:25:14.000Z","thermometer","temperature_min","°C",15.82
"2020-07-10T03:30:14.000Z","thermometer","temperature_min","°C",15.89
"2020-07-10T03:35:13.000Z","thermometer","temperature_min","°C",15.83
"2020-07-10T03:40:14.000Z","thermometer","temperature_min","°C",15.78
"2020-07-10T03:45:13.000Z","thermometer","temperature_min","°C",15.71
"2020-07-10T03:50:15.000Z","thermometer","temperature_min","°C",15.64
"2020-07-10T03:55:13.000Z","thermometer","temperature_min","°C",15.68
"2020-07-10T04:00:13.000Z","thermometer","temperature_min","°C",15.72
"2020-07-10T04:05:14.000Z","thermometer","temperature_min","°C",15.74
"2020-07-10T04:10:20.000Z","thermometer","temperature_min","°C",15.77
"2020-07-10T04:15:13.000Z","thermometer","temperature_min","°C",15.84
"2020-07-10T04:20:14.000Z","thermometer","temperature_min","°C",16.02
"2020-07-10T04:25:13.000Z","thermometer","temperature_min","°C",16.27
"2020-07-10T04:30:13.000Z","thermometer","temperature_min","°C",16.46
"2020-07-10T04:35:15.000Z","thermometer","temperature_min","°C",16.72
"2020-07-10T04:40:14.000Z","thermometer","temperature_min","°C",16.98
"2020-07-10T04:45:13.000Z","thermometer","temperature_min","°C",17.7
"2020-07-10T04:50:14.000Z","thermometer","temperature_min","°C",18.02
"2020-07-10T04:55:13.000Z","thermometer","temperature_min","°C",18.26
"2020-07-10T05:00:26.000Z","thermometer","temperature_min","°C",18.52
"2020-07-10T05:05:13.000Z","thermometer","temperature_min","°C",18.88
"2020-07-10T05:10:30.000Z","thermometer","temperature_min","°C",19.29
"2020-07-10T05:15:13.000Z","thermometer","temperature_min","°C",19.88
"2020-07-10T05:20:13.000Z","thermometer","temperature_min","°C",20.4
"2020-07-10T05:25:14.000Z","thermometer","temperature_min","°C",21.06
"2020-07-10T05:30:14.000Z","thermometer","temperature_min","°C",21.62
"2020-07-10T05:35:13.000Z","thermometer","temperature_min","°C",22.38
"2020-07-10T05:40:15.000Z","thermometer","temperature_min","°C",22.67
"2020-07-10T05:45:13.000Z","thermometer","temperature_min","°C",23.24
"2020-07-10T05:50:13.000Z","thermometer","temperature_min","°C",23.75
"2020-07-10T05:55:14.000Z","thermometer","temperature_min","°C",24.46
"2020-07-10T06:00:13.000Z","thermometer","temperature_min","°C",24.64
"2020-07-10T06:05:13.000Z","thermometer","temperature_min","°C",24.79
"2020-07-10T06:10:14.000Z","thermometer","temperature_min","°C",25.16
"2020-07-10T06:15:14.000Z","thermometer","temperature_min","°C",25.51
"2020-07-10T06:20:13.000Z","thermometer","temperature_min","°C",26.14
"2020-07-10T06:25:15.000Z","thermometer","temperature_min","°C",26.49
"2020-07-10T06:25:15.000Z","thermometer","temperature_min","°C",26.49
"2020-07-10T06:30:12.000Z","thermometer","temperature_min","°C",26.54
"2020-07-10T06:35:14.000Z","thermometer","temperature_min","°C",26.36
"2020-07-10T06:40:13.000Z","thermometer","temperature_min","°C",26.65
"2020-07-10T06:45:15.000Z","thermometer","temperature_min","°C",26.65
"2020-07-10T06:50:13.000Z","thermometer","temperature_min","°C",26.76
"2020-07-10T06:55:13.000Z","thermometer","temperature_min","°C",26.88
"2020-07-10T07:00:13.000Z","thermometer","temperature_min","°C",26.48
"2020-07-10T07:05:15.000Z","thermometer","temperature_min","°C",27.16
"2020-07-10T07:10:13.000Z","thermometer","temperature_min","°C",27.49
"2020-07-10T07:15:13.000Z","thermometer","temperature_min","°C",27.55
"2020-07-10T07:20:15.000Z","thermometer","temperature_min","°C",27.73
"2020-07-10T07:25:13.000Z","thermometer","temperature_min","°C",27.98
"2020-07-10T07:30:13.000Z","thermometer","temperature_min","°C",27.48
"2020-07-10T07:35:14.000Z","thermometer","temperature_min","°C",27.8
"2020-07-10T07:40:13.000Z","thermometer","temperature_min","°C",27.97
"2020-07-10T07:45:15.000Z","thermometer","temperature_min","°C",28.12
"2020-07-10T07:50:13.000Z","thermometer","temperature_min","°C",28.13
"2020-07-10T07:55:12.000Z","thermometer","temperature_min","°C",28.4
"2020-07-10T08:00:14.000Z","thermometer","temperature_min","°C",28.48
"2020-07-10T08:05:31.000Z","thermometer","temperature_min","°C",29.24
"2020-07-10T08:10:13.000Z","thermometer","temperature_min","°C",29.9
"2020-07-10T08:15:13.000Z","thermometer","temperature_min","°C",29.66
"2020-07-10T08:20:14.000Z","thermometer","temperature_min","°C",29.34
"2020-07-10T08:25:13.000Z","thermometer","temperature_min","°C",29.66
"2020-07-10T08:30:14.000Z","thermometer","temperature_min","°C",30.36
"2020-07-10T08:35:13.000Z","thermometer","temperature_min","°C",30.25
"2020-07-10T08:40:14.000Z","thermometer","temperature_min","°C",30.84
"2020-07-10T08:45:14.000Z","thermometer","temperature_min","°C",30.4
"2020-07-10T08:50:28.000Z","thermometer","temperature_min","°C",29.89
"2020-07-10T08:55:14.000Z","thermometer","temperature_min","°C",30.37
"2020-07-10T09:00:13.000Z","thermometer","temperature_min","°C",31.24
"2020-07-10T09:05:15.000Z","thermometer","temperature_min","°C",31.56
"2020-07-10T09:10:12.000Z","thermometer","temperature_min","°C",30.93
"2020-07-10T09:15:14.000Z","thermometer","temperature_min","°C",30.5
"2020-07-10T09:20:13.000Z","thermometer","temperature_min","°C",30.63
"2020-07-10T09:25:15.000Z","thermometer","temperature_min","°C",31.45
"2020-07-10T09:30:13.000Z","thermometer","temperature_min","°C",31.09
"2020-07-10T09:35:13.000Z","thermometer","temperature_min","°C",31.3
"2020-07-10T09:40:14.000Z","thermometer","temperature_min","°C",30.84
"2020-07-10T09:45:13.000Z","thermometer","temperature_min","°C",31.95
"2020-07-10T09:45:13.000Z","thermometer","temperature_min","°C",31.95
"2020-07-10T09:50:14.000Z","thermometer","temperature_min","°C",31.79
"2020-07-10T09:55:13.000Z","thermometer","temperature_min","°C",31.24
"2020-07-10T10:00:13.000Z","thermometer","temperature_min","°C",31.15
"2020-07-10T10:05:14.000Z","thermometer","temperature_min","°C",31.72
"2020-07-10T10:10:15.000Z","thermometer","temperature_min","°C",31.18
"2020-07-10T10:15:13.000Z","thermometer","temperature_min","°C",31.36
"2020-07-10T10:20:14.000Z","thermometer","temperature_min","°C",31.69
"2020-07-10T10:25:13.000Z","thermometer","temperature_min","°C",31.47
"2020-07-10T10:30:13.000Z","thermometer","temperature_min","°C",31.31
"2020-07-10T10:35:14.000Z","thermometer","temperature_min","°C",31.61
"2020-07-10T10:40:13.000Z","thermometer","temperature_min","°C",31.6
"2020-07-10T10:45:13.000Z","thermometer","temperature_min","°C",31.65
"2020-07-10T10:50:15.000Z","thermometer","temperature_min","°C",32.05
"2020-07-10T10:55:13.000Z","thermometer","temperature_min","°C",31.39
"2020-07-10T11:00:14.000Z","thermometer","temperature_min","°C",31.17
"2020-07-10T11:05:13.000Z","thermometer","temperature_min","°C",31.05
"2020-07-10T11:10:13.000Z","thermometer","temperature_min","°C",31.79
"2020-07-10T11:15:14.000Z","thermometer","temperature_min","°C",31.79
"2020-07-10T11:20:14.000Z","thermometer","temperature_min","°C",31.82
"2020-07-10T11:25:13.000Z","thermometer","temperature_min","°C",31.9
"2020-07-10T11:30:15.000Z","thermometer","temperature_min","°C",31.94
"2020-07-10T11:35:13.000Z","thermometer","temperature_min","°C",31.91
"2020-07-10T11:40:13.000Z","thermometer","temperature_min","°C",31.62
"2020-07-10T11:45:13.000Z","thermometer","temperature_min","°C",31.49
"2020-07-10T11:50:14.000Z","thermometer","temperature_min","°C",31.91
"2020-07-10T11:55:14.000Z","thermometer","temperature_min","°C",31.84
"2020-07-10T12:00:13.000Z","thermometer","temperature_min","°C",32.38
"2020-07-10T12:05:15.000Z","thermometer","temperature_min","°C",31.96
"2020-07-10T12:10:13.000Z","thermometer","temperature_min","°C",31.8
"2020-07-10T12:15:13.000Z","thermometer","temperature_min","°C",31.66
"2020-07-10T12:20:13.000Z","thermometer","temperature_min","°C",32.41
"2020-07-10T12:25:15.000Z","thermometer","temperature_min","°C",32.8
"2020-07-10T12:30:13.000Z","thermometer","temperature_min","°C",32.39
"2020-07-10T12:35:13.000Z","thermometer","temperature_min","°C",32.08
"2020-07-10T12:40:14.000Z","thermometer","temperature_min","°C",31.9
"2020-07-10T12:45:13.000Z","thermometer","temperature_min","°C",32.14
"2020-07-10T12:50:14.000Z","thermometer","temperature_min","°C",32.89
"2020-07-10T12:55:13.000Z","thermometer","temperature_min","°C",32.3
"2020-07-10T13:00:14.000Z","thermometer","temperature_min","°C",32.36
"2020-07-10T13:05:31.000Z","thermometer","temperature_min","°C",32.65
"2020-07-10T13:10:12.000Z","thermometer","temperature_min","°C",33.02
"2020-07-10T13:10:12.000Z","thermometer","temperature_min","°C",33.02
"2020-07-10T13:15:14.000Z","thermometer","temperature_min","°C",32.78
"2020-07-10T13:20:15.000Z","thermometer","temperature_min","°C",32.45
"2020-07-10T13:25:12.000Z","thermometer","temperature_min","°C",32.35
"2020-07-10T13:30:13.000Z","thermometer","temperature_min","°C",32.61
"2020-07-10T13:35:14.000Z","thermometer","temperature_min","°C",32.56
"2020-07-10T13:40:14.000Z","thermometer","temperature_min","°C",33.02
"2020-07-10T13:45:13.000Z","thermometer","temperature_min","°C",32.7
"2020-07-10T13:50:14.000Z","thermometer","temperature_min","°C",32.31
"2020-07-10T13:55:13.000Z","thermometer","temperature_min","°C",32.33
"2020-07-10T14:00:14.000Z","thermometer","temperature_min","°C",32.64
"2020-07-10T14:05:13.000Z","thermometer","temperature_min","°C",32.79
"2020-07-10T14:10:13.000Z","thermometer","temperature_min","°C",31.99
"2020-07-10T14:20:14.000Z","thermometer","temperature_min","°C",31.78
"2020-07-10T14:25:14.000Z","thermometer","temperature_min","°C",31.56
"2020-07-10T14:30:13.000Z","thermometer","temperature_min","°C",31.61
"2020-07-10T14:35:14.000Z","thermometer","temperature_min","°C",31.75
"2020-07-10T14:40:13.000Z","thermometer","temperature_min","°C",31.6
"2020-07-10T14:45:14.000Z","thermometer","temperature_min","°C",31.68
"2020-07-10T14:50:13.000Z","thermometer","temperature_min","°C",31.67
"2020-07-10T14:55:14.000Z","thermometer","temperature_min","°C",31.54
"2020-07-10T15:00:14.000Z","thermometer","temperature_min","°C",31.54
"2020-07-10T15:05:13.000Z","thermometer","temperature_min","°C",31.31
"2020-07-10T15:10:14.000Z","thermometer","temperature_min","°C",31.23
"2020-07-10T15:15:14.000Z","thermometer","temperature_min","°C",30.98
"2020-07-10T15:20:12.000Z","thermometer","temperature_min","°C",31.26
"2020-07-10T15:25:31.000Z","thermometer","temperature_min","°C",31.22
"2020-07-10T15:30:19.000Z","thermometer","temperature_min","°C",30.88
"2020-07-10T15:35:13.000Z","thermometer","temperature_min","°C",30.93
"2020-07-10T15:40:14.000Z","thermometer","temperature_min","°C",31.01
"2020-07-10T15:45:14.000Z","thermometer","temperature_min","°C",31.25
"2020-07-10T15:50:13.000Z","thermometer","temperature_min","°C",31.22
"2020-07-10T15:55:14.000Z","thermometer","temperature_min","°C",30.83
"2020-07-10T16:00:13.000Z","thermometer","temperature_min","°C",30.72
"2020-07-10T16:05:13.000Z","thermometer","temperature_min","°C",30.66
"2020-07-10T16:10:15.000Z","thermometer","temperature_min","°C",30.77
"2020-07-10T16:15:13.000Z","thermometer","temperature_min","°C",30.6
"2020-07-10T16:20:13.000Z","thermometer","temperature_min","°C",30.38
"2020-07-10T16:25:14.000Z","thermometer","temperature_min","°C",30.22
"2020-07-10T16:30:14.000Z","thermometer","temperature_min","°C",30.07
"2020-07-10T16:35:13.000Z","thermometer","temperature_min","°C",29.87
"2020-07-10T16:40:15.000Z","thermometer","temperature_min","°C",29.58
"2020-07-10T16:45:12.000Z","thermometer","temperature_min","°C",29.46
"2020-07-10T16:50:15.000Z","thermometer","temperature_min","°C",29.29
"2020-07-10T16:55:28.000Z","thermometer","temperature_min","°C",29.25
"2020-07-10T17:00:13.000Z","thermometer","temperature_min","°C",29.11
"2020-07-10T17:05:14.000Z","thermometer","temperature_min","°C",28.66
"2020-07-10T17:10:13.000Z","thermometer","temperature_min","°C",28.45
"2020-07-10T17:15:14.000Z","thermometer","temperature_min","°C",28.23
"2020-07-10T17:20:13.000Z","thermometer","temperature_min","°C",28.13
"2020-07-10T17:25:14.000Z","thermometer","temperature_min","°C",27.9
"2020-07-10T17:30:13.000Z","thermometer","temperature_min","°C",27.61
"2020-07-10T17:35:14.000Z","thermometer","temperature_min","°C",26.98
"2020-07-10T17:40:13.000Z","thermometer","temperature_min","°C",26.86
"2020-07-10T17:45:15.000Z","thermometer","temperature_min","°C",26.51
"2020-07-10T17:50:13.000Z","thermometer","temperature_min","°C",26.14
"2020-07-10T17:55:13.000Z","thermometer","temperature_min","°C",25.81
"2020-07-10T18:00:15.000Z","thermometer","temperature_min","°C",25.58
"2020-07-10T18:05:12.000Z","thermometer","temperature_min","°C",25.27
"2020-07-10T18:10:14.000Z","thermometer","temperature_min","°C",24.92
"2020-07-10T18:15:13.000Z","thermometer","temperature_min","°C",24.59
"2020-07-10T18:20:15.000Z","thermometer","temperature_min","°C",24.21
"2020-07-10T18:25:12.000Z","thermometer","temperature_min","°C",23.89
"2020-07-10T18:30:14.000Z","thermometer","temperature_min","°C",23.62
"2020-07-10T18:35:14.000Z","thermometer","temperature_min","°C",23.36
"2020-07-10T18:40:13.000Z","thermometer","temperature_min","°C",23.2
"2020-07-10T18:45:15.000Z","thermometer","temperature_min","°C",22.93
"2020-07-10T18:50:12.000Z","thermometer","temperature_min","°C",22.85
"2020-07-10T18:55:14.000Z","thermometer","temperature_min","°C",22.65
"2020-07-10T19:00:13.000Z","thermometer","temperature_min","°C",22.47
"2020-07-10T19:05:15.000Z","thermometer","temperature_min","°C",22.48
"2020-07-10T19:10:13.000Z","thermometer","temperature_min","°C",22.23
"2020-07-10T19:15:13.000Z","thermometer","temperature_min","°C",22.02
"2020-07-10T19:20:14.000Z","thermometer","temperature_min","°C",21.95
"2020-07-10T19:25:14.000Z","thermometer","temperature_min","°C",21.91
"2020-07-10T19:30:13.000Z","thermometer","temperature_min","°C",21.7
"2020-07-10T19:35:13.000Z","thermometer","temperature_min","°C",21.63
"2020-07-10T19:40:15.000Z","thermometer","temperature_min","°C",21.34
"2020-07-10T19:45:13.000Z","thermometer","temperature_min","°C",21.03
"2020-07-10T19:50:13.000Z","thermometer","temperature_min","°C",20.81
"2020-07-10T19:55:14.000Z","thermometer","temperature_min","°C",20.76
"2020-07-10T20:00:13.000Z","thermometer","temperature_min","°C",20.59
"2020-07-10T20:05:14.000Z","thermometer","temperature_min","°C",20.38
"2020-07-10T20:10:14.000Z","thermometer","temperature_min","°C",20.19
"2020-07-10T20:15:13.000Z","thermometer","temperature_min","°C",19.94
"2020-07-10T20:20:13.000Z","thermometer","temperature_min","°C",19.54
"2020-07-10T20:25:15.000Z","thermometer","temperature_min","°C",19.37
"2020-07-10T20:30:28.000Z","thermometer","temperature_min","°C",19.2
"2020-07-10T20:35:14.000Z","thermometer","temperature_min","°C",19
"2020-07-10T20:40:13.000Z","thermometer","temperature_min","°C",18.86
"2020-07-10T20:45:13.000Z","thermometer","temperature_min","°C",18.51
"2020-07-10T20:50:15.000Z","thermometer","temperature_min","°C",18.2
"2020-07-10T20:55:12.000Z","thermometer","temperature_min","°C",18.28
"2020-07-10T21:00:15.000Z","thermometer","temperature_min","°C",18.28
"2020-07-10T21:05:13.000Z","thermometer","temperature_min","°C",18.12
"2020-07-10T21:10:13.000Z","thermometer","temperature_min","°C",17.74
"2020-07-10T21:15:13.000Z","thermometer","temperature_min","°C",17.5
"2020-07-10T21:20:26.000Z","thermometer","temperature_min","°C",17.45
"2020-07-10T21:25:14.000Z","thermometer","temperature_min","°C",17.63
"2020-07-10T21:30:13.000Z","thermometer","temperature_min","°C",17.76
"2020-07-10T21:35:15.000Z","thermometer","temperature_min","°C",18.03
"2020-07-10T21:40:12.000Z","thermometer","temperature_min","°C",18.11
"2020-07-10T21:45:15.000Z","thermometer","temperature_min","°C",18.01
"2020-07-10T21:50:13.000Z","thermometer","temperature_min","°C",17.9
"2020-07-10T21:55:13.000Z","thermometer","temperature_min","°C",17.76
"2020-07-10T22:00:14.000Z","thermometer","temperature_min","°C",17.57
"2020-07-10T22:05:13.000Z","thermometer","temperature_min","°C",17.33
"2020-07-10T22:10:13.000Z","thermometer","temperature_min","°C",17.18
"2020-07-10T22:15:16.000Z","thermometer","temperature_min","°C",17.07
"2020-07-10T22:20:12.000Z","thermometer","temperature_min","°C",17.02
"2020-07-10T22:25:13.000Z","thermometer","temperature_min","°C",16.89
"2020-07-10T22:30:15.000Z","thermometer","temperature_min","°C",16.77
"2020-07-10T22:35:13.000Z","thermometer","temperature_min","°C",16.62
"2020-07-10T22:40:13.000Z","thermometer","temperature_min","°C",16.44
"2020-07-10T22:45:14.000Z","thermometer","temperature_min","°C",16.32
"2020-07-10T22:50:13.000Z","thermometer","temperature_min","°C",16.24
"2020-07-10T22:55:14.000Z","thermometer","temperature_min","°C",16.24
"2020-07-10T23:00:13.000Z","thermometer","temperature_min","°C",16.22
"2020-07-10T23:05:14.000Z","thermometer","temperature_min","°C",16.25
"2020-07-10T23:10:13.000Z","thermometer","temperature_min","°C",16.22
"2020-07-10T23:15:15.000Z","thermometer","temperature_min","°C",16.12
"2020-07-10T23:20:12.000Z","thermometer","temperature_min","°C",15.99
"2020-07-10T23:25:15.000Z","thermometer","temperature_min","°C",15.72
"2020-07-10T23:30:13.000Z","thermometer","temperature_min","°C",15.64
"2020-07-10T23:35:13.000Z","thermometer","temperature_min","°C",15.54
"2020-07-10T23:40:31.000Z","thermometer","temperature_min","°C",15.48
"2020-07-10T23:45:12.000Z","thermometer","temperature_min","°C",15.42
"2020-07-10T23:50:15.000Z","thermometer","temperature_min","°C",15.35
"2020-07-10T23:55:13.000Z","thermometer","temperature_min","°C",15.28
"2020-07-11T00:00:13.000Z","thermometer","temperature_min","°C",15.19
"2020-07-11T00:05:13.000Z","thermometer","temperature_min","°C",15.12
"2020-07-11T00:10:14.000Z","thermometer","temperature_min","°C",15.2
"2020-07-11T00:15:14.000Z","thermometer","temperature_min","°C",15.37
"2020-07-11T00:20:13.000Z","thermometer","temperature_min","°C",15.38
"2020-07-11T00:25:15.000Z","thermometer","temperature_min","°C",15.42
"2020-07-11T00:30:12.000Z","thermometer","temperature_min","°C",15.38
"2020-07-11T00:35:14.000Z","thermometer","temperature_min","°C",15.3
"2020-07-11T00:40:13.000Z","thermometer","temperature_min","°C",15.25
"2020-07-11T00:45:15.000Z","thermometer","temperature_min","°C",15.08
"2020-07-11T00:50:13.000Z","thermometer","temperature_min","°C",15
"2020-07-11T00:55:13.000Z","thermometer","temperature_min","°C",14.92
"2020-07-11T01:00:31.000Z","thermometer","temperature_min","°C",14.84
"2020-07-11T01:05:12.000Z","thermometer","temperature_min","°C",14.78
"2020-07-11T01:10:14.000Z","thermometer","temperature_min","°C",14.71
"2020-07-11T01:15:13.000Z","thermometer","temperature_min","°C",14.68
"2020-07-11T01:20:14.000Z","thermometer","temperature_min","°C",14.62
"2020-07-11T01:25:13.000Z","thermometer","temperature_min","°C",14.58
"2020-07-11T01:30:14.000Z","thermometer","temperature_min","°C",14.47
"2020-07-11T01:35:14.000Z","thermometer","temperature_min","°C",14.43
"2020-07-11T01:40:13.000Z","thermometer","temperature_min","°C",14.41
"2020-07-11T01:45:13.000Z","thermometer","temperature_min","°C",14.4
"2020-07-11T01:50:31.000Z","thermometer","temperature_min","°C",14.38
"2020-07-11T01:55:13.000Z","thermometer","temperature_min","°C",14.32
"2020-07-11T02:00:13.000Z","thermometer","temperature_min","°C",14.28
"2020-07-11T02:05:15.000Z","thermometer","temperature_min","°C",14.25
"2020-07-11T02:10:25.000Z","thermometer","temperature_min","°C",14.18
"2020-07-11T02:15:13.000Z","thermometer","temperature_min","°C",14.1
"2020-07-11T02:20:14.000Z","thermometer","temperature_min","°C",14.11
"2020-07-11T02:25:13.000Z","thermometer","temperature_min","°C",14.11
"2020-07-11T02:30:14.000Z","thermometer","temperature_min","°C",14.13
"2020-07-11T02:35:13.000Z","thermometer","temperature_min","°C",14.13
"2020-07-11T02:40:15.000Z","thermometer","temperature_min","°C",14.16
"2020-07-11T02:45:13.000Z","thermometer","temperature_min","°C",14.24
"2020-07-11T02:50:13.000Z","thermometer","temperature_min","°C",14.22
"2020-07-11T02:55:14.000Z","thermometer","temperature_min","°C",14.18
"2020-07-11T03:00:13.000Z","thermometer","temperature_min","°C",14.14
"2020-07-11T03:05:13.000Z","thermometer","temperature_min","°C",13.87
"2020-07-11T03:10:31.000Z","thermometer","temperature_min","°C",13.81
"2020-07-11T03:15:13.000Z","thermometer","temperature_min","°C",13.8
"2020-07-11T03:20:13.000Z","thermometer","temperature_min","°C",13.84
"2020-07-11T03:25:15.000Z","thermometer","temperature_min","°C",13.84
"2020-07-11T03:30:13.000Z","thermometer","temperature_min","°C",13.84
"2020-07-11T03:35:13.000Z","thermometer","temperature_min","°C",13.87
"2020-07-11T03:40:13.000Z","thermometer","temperature_min","°C",13.77
"2020-07-11T03:45:21.000Z","thermometer","temperature_min","°C",13.8
"2020-07-11T03:50:13.000Z","thermometer","temperature_min","°C",13.84
"2020-07-11T03:55:13.000Z","thermometer","temperature_min","°C",13.86
"2020-07-11T04:00:14.000Z","thermometer","temperature_min","°C",13.87
"2020-07-11T04:05:13.000Z","thermometer","temperature_min","°C",13.95
"2020-07-11T04:10:15.000Z","thermometer","temperature_min","°C",14.04
"2020-07-11T04:15:13.000Z","thermometer","temperature_min","°C",14.1
"2020-07-11T04:20:13.000Z","thermometer","temperature_min","°C",14.15
"2020-07-11T04:25:14.000Z","thermometer","temperature_min","°C",14.32
"2020-07-11T04:30:14.000Z","thermometer","temperature_min","°C",14.48
"2020-07-11T04:35:13.000Z","thermometer","temperature_min","°C",14.84
"2020-07-11T04:40:31.000Z","thermometer","temperature_min","°C",15.06
"2020-07-11T04:45:12.000Z","thermometer","temperature_min","°C",15.28
"2020-07-11T04:50:14.000Z","thermometer","temperature_min","°C",15.63
"2020-07-11T04:55:13.000Z","thermometer","temperature_min","°C",16.5
"2020-07-11T05:00:15.000Z","thermometer","temperature_min","°C",17.04
"2020-07-11T05:05:13.000Z","thermometer","temperature_min","°C",17.11
"2020-07-11T05:10:13.000Z","thermometer","temperature_min","°C",17.25
"2020-07-11T05:20:15.000Z","thermometer","temperature_min","°C",18.48
"2020-07-11T05:25:13.000Z","thermometer","temperature_min","°C",19.04
"2020-07-11T05:30:13.000Z","thermometer","temperature_min","°C",19.91
"2020-07-11T05:35:15.000Z","thermometer","temperature_min","°C",20.54
"2020-07-11T05:40:13.000Z","thermometer","temperature_min","°C",20.86
"2020-07-11T05:45:13.000Z","thermometer","temperature_min","°C",21.21
"2020-07-11T05:50:13.000Z","thermometer","temperature_min","°C",21.55
"2020-07-11T05:55:14.000Z","thermometer","temperature_min","°C",22.22
"2020-07-11T06:00:14.000Z","thermometer","temperature_min","°C",22.49
"2020-07-11T06:05:13.000Z","thermometer","temperature_min","°C",23.49
"2020-07-11T06:10:15.000Z","thermometer","temperature_min","°C",23.58
"2020-07-11T06:15:13.000Z","thermometer","temperature_min","°C",23.32
"2020-07-11T06:20:13.000Z","thermometer","temperature_min","°C",23.76
"2020-07-11T06:25:13.000Z","thermometer","temperature_min","°C",23.88
"2020-07-11T06:30:15.000Z","thermometer","temperature_min","°C",23.8
"2020-07-11T06:35:13.000Z","thermometer","temperature_min","°C",24.22
"2020-07-11T06:40:13.000Z","thermometer","temperature_min","°C",23.84
"2020-07-11T06:45:14.000Z","thermometer","temperature_min","°C",23.76
"2020-07-11T06:50:17.000Z","thermometer","temperature_min","°C",24.72
"2020-07-11T06:55:14.000Z","thermometer","temperature_min","°C",24.22
"2020-07-11T07:00:13.000Z","thermometer","temperature_min","°C",24.47
"2020-07-11T07:05:13.000Z","thermometer","temperature_min","°C",25.06
"2020-07-11T07:10:14.000Z","thermometer","temperature_min","°C",25.22
"2020-07-11T07:15:14.000Z","thermometer","temperature_min","°C",25.14
"2020-07-11T07:20:17.000Z","thermometer","temperature_min","°C",25.23
"2020-07-11T07:25:14.000Z","thermometer","temperature_min","°C",25.75
"2020-07-11T07:30:14.000Z","thermometer","temperature_min","°C",26.19
"2020-07-11T07:35:13.000Z","thermometer","temperature_min","°C",26.27
"2020-07-11T07:40:13.000Z","thermometer","temperature_min","°C",26.46
"2020-07-11T07:45:15.000Z","thermometer","temperature_min","°C",26.46
"2020-07-11T07:50:13.000Z","thermometer","temperature_min","°C",25.83
"2020-07-11T07:55:13.000Z","thermometer","temperature_min","°C",27.02
"2020-07-11T08:00:14.000Z","thermometer","temperature_min","°C",26.74
"2020-07-11T08:05:14.000Z","thermometer","temperature_min","°C",27.08
"2020-07-11T08:10:13.000Z","thermometer","temperature_min","°C",27.68
"2020-07-11T08:15:15.000Z","thermometer","temperature_min","°C",27.31
"2020-07-11T08:20:12.000Z","thermometer","temperature_min","°C",27.45
"2020-07-11T08:30:15.000Z","thermometer","temperature_min","°C",27.34
"2020-07-11T08:35:13.000Z","thermometer","temperature_min","°C",28.15
"2020-07-11T08:40:31.000Z","thermometer","temperature_min","°C",28.4
"2020-07-11T08:45:12.000Z","thermometer","temperature_min","°C",28.59
"2020-07-11T08:50:14.000Z","thermometer","temperature_min","°C",28.89
"2020-07-11T08:55:13.000Z","thermometer","temperature_min","°C",29.56
"2020-07-11T09:00:14.000Z","thermometer","temperature_min","°C",29.8
"2020-07-11T09:05:13.000Z","thermometer","temperature_min","°C",29.21
"2020-07-11T09:10:14.000Z","thermometer","temperature_min","°C",29.11
"2020-07-11T09:15:13.000Z","thermometer","temperature_min","°C",30.05
"2020-07-11T09:20:14.000Z","thermometer","temperature_min","°C",29.78
"2020-07-11T09:25:14.000Z","thermometer","temperature_min","°C",30.05
"2020-07-11T09:30:13.000Z","thermometer","temperature_min","°C",30.32
"2020-07-11T09:35:14.000Z","thermometer","temperature_min","°C",30.22
"2020-07-11T09:40:13.000Z","thermometer","temperature_min","°C",30.85
"2020-07-11T09:45:15.000Z","thermometer","temperature_min","°C",29.99
"2020-07-11T09:50:12.000Z","thermometer","temperature_min","°C",30.76
"2020-07-11T09:55:14.000Z","thermometer","temperature_min","°C",30.6
"2020-07-11T10:00:13.000Z","thermometer","temperature_min","°C",30.18
"2020-07-11T10:05:14.000Z","thermometer","temperature_min","°C",30.36
"2020-07-11T10:10:14.000Z","thermometer","temperature_min","°C",30.3
"2020-07-11T10:15:26.000Z","thermometer","temperature_min","°C",30.38
"2020-07-11T10:20:18.000Z","thermometer","temperature_min","°C",29.89
"2020-07-11T10:25:12.000Z","thermometer","temperature_min","°C",30.66
"2020-07-11T10:30:14.000Z","thermometer","temperature_min","°C",30.92
"2020-07-11T10:35:13.000Z","thermometer","temperature_min","°C",30.98
"2020-07-11T10:40:31.000Z","thermometer","temperature_min","°C",30.84
"2020-07-11T10:45:13.000Z","thermometer","temperature_min","°C",30.43
"2020-07-11T10:50:13.000Z","thermometer","temperature_min","°C",30.58
"2020-07-11T10:55:13.000Z","thermometer","temperature_min","°C",30.5
"2020-07-11T11:00:14.000Z","thermometer","temperature_min","°C",30.84
"2020-07-11T11:05:13.000Z","thermometer","temperature_min","°C",30.64
"2020-07-11T11:10:14.000Z","thermometer","temperature_min","°C",30.4
"2020-07-11T11:15:14.000Z","thermometer","temperature_min","°C",30.74
"2020-07-11T11:20:14.000Z","thermometer","temperature_min","°C",30.53
"2020-07-11T11:25:13.000Z","thermometer","temperature_min","°C",30.81
"2020-07-11T11:30:14.000Z","thermometer","temperature_min","°C",30.5
"2020-07-11T11:35:13.000Z","thermometer","temperature_min","°C",30.53
"2020-07-11T11:40:15.000Z","thermometer","temperature_min","°C",31.14
"2020-07-11T11:45:12.000Z","thermometer","temperature_min","°C",32
"2020-07-11T11:50:15.000Z","thermometer","temperature_min","°C",31.34
"2020-07-11T11:55:13.000Z","thermometer","temperature_min","°C",31.1
"2020-07-11T12:00:13.000Z","thermometer","temperature_min","°C",31.78
"2020-07-11T12:05:14.000Z","thermometer","temperature_min","°C",32.21
"2020-07-11T12:10:13.000Z","thermometer","temperature_min","°C",32.27
"2020-07-11T12:15:21.000Z","thermometer","temperature_min","°C",31.68
"2020-07-11T12:20:12.000Z","thermometer","temperature_min","°C",31.21
"2020-07-11T12:25:15.000Z","thermometer","temperature_min","°C",31.86
"2020-07-11T12:30:12.000Z","thermometer","temperature_min","°C",31.5
"2020-07-11T12:35:15.000Z","thermometer","temperature_min","°C",31.53
"2020-07-11T12:40:13.000Z","thermometer","temperature_min","°C",31.77
"2020-07-11T12:45:13.000Z","thermometer","temperature_min","°C",31.3
"2020-07-11T12:50:13.000Z","thermometer","temperature_min","°C",31.13
"2020-07-11T12:55:14.000Z","thermometer","temperature_min","°C",30.87
"2020-07-11T13:00:13.000Z","thermometer","temperature_min","°C",31.05
"2020-07-11T13:05:14.000Z","thermometer","temperature_min","°C",31.53
"2020-07-11T13:10:31.000Z","thermometer","temperature_min","°C",31.05
"2020-07-11T13:15:12.000Z","thermometer","temperature_min","°C",31.72
"2020-07-11T13:20:14.000Z","thermometer","temperature_min","°C",31.74
"2020-07-11T13:25:13.000Z","thermometer","temperature_min","°C",30.61
"2020-07-11T13:30:15.000Z","thermometer","temperature_min","°C",30.84
"2020-07-11T13:35:13.000Z","thermometer","temperature_min","°C",31.84
"2020-07-11T13:40:13.000Z","thermometer","temperature_min","°C",31.57
"2020-07-11T13:40:13.000Z","thermometer","temperature_min","°C",31.57
"2020-07-11T13:45:13.000Z","thermometer","temperature_min","°C",31.85
"2020-07-11T13:50:14.000Z","thermometer","temperature_min","°C",31.56
"2020-07-11T13:55:15.000Z","thermometer","temperature_min","°C",31.39
"2020-07-11T14:00:13.000Z","thermometer","temperature_min","°C",31.17
"2020-07-11T14:05:13.000Z","thermometer","temperature_min","°C",31.46
"2020-07-11T14:10:14.000Z","thermometer","temperature_min","°C",31.3
"2020-07-11T14:15:13.000Z","thermometer","temperature_min","°C",31.54
"2020-07-11T14:20:14.000Z","thermometer","temperature_min","°C",31.36
"2020-07-11T14:25:13.000Z","thermometer","temperature_min","°C",31.88
"2020-07-11T14:30:15.000Z","thermometer","temperature_min","°C",31.34
"2020-07-11T14:35:12.000Z","thermometer","temperature_min","°C",30.93
"2020-07-11T14:35:12.000Z","thermometer","temperature_min","°C",30.93
"2020-07-11T14:40:15.000Z","thermometer","temperature_min","°C",30.8
"2020-07-11T14:45:13.000Z","thermometer","temperature_min","°C",31.67
"2020-07-11T14:50:13.000Z","thermometer","temperature_min","°C",31.6
"2020-07-11T14:55:14.000Z","thermometer","temperature_min","°C",31.46
"2020-07-11T15:00:13.000Z","thermometer","temperature_min","°C",31.07
"2020-07-11T15:05:14.000Z","thermometer","temperature_min","°C",31
"2020-07-11T15:10:13.000Z","thermometer","temperature_min","°C",31.48
"2020-07-11T15:15:13.000Z","thermometer","temperature_min","°C",31.44
"2020-07-11T15:20:14.000Z","thermometer","temperature_min","°C",31.21
"2020-07-11T15:25:15.000Z","thermometer","temperature_min","°C",31.26
"2020-07-11T15:30:13.000Z","thermometer","temperature_min","°C",31.22
"2020-07-11T15:35:13.000Z","thermometer","temperature_min","°C",30.9
"2020-07-11T15:40:14.000Z","thermometer","temperature_min","°C",31.08
"2020-07-11T15:45:13.000Z","thermometer","temperature_min","°C",30.68
"2020-07-11T15:50:14.000Z","thermometer","temperature_min","°C",30.62
"2020-07-11T15:55:21.000Z","thermometer","temperature_min","°C",30.54
"2020-07-11T16:00:14.000Z","thermometer","temperature_min","°C",30.2
"2020-07-11T16:05:14.000Z","thermometer","temperature_min","°C",30.46
"2020-07-11T16:10:13.000Z","thermometer","temperature_min","°C",30.14
"2020-07-11T16:15:31.000Z","thermometer","temperature_min","°C",29.78
"2020-07-11T16:20:12.000Z","thermometer","temperature_min","°C",30
"2020-07-11T16:25:15.000Z","thermometer","temperature_min","°C",29.82
"2020-07-11T16:30:13.000Z","thermometer","temperature_min","°C",29.57
"2020-07-11T16:35:13.000Z","thermometer","temperature_min","°C",29.46
"2020-07-11T16:40:14.000Z","thermometer","temperature_min","°C",29.28
"2020-07-11T16:45:13.000Z","thermometer","temperature_min","°C",29.57
"2020-07-11T16:50:14.000Z","thermometer","temperature_min","°C",29.25
"2020-07-11T16:55:13.000Z","thermometer","temperature_min","°C",29.02
"2020-07-11T17:00:14.000Z","thermometer","temperature_min","°C",29
"2020-07-11T17:05:13.000Z","thermometer","temperature_min","°C",29.03
"2020-07-11T17:10:19.000Z","thermometer","temperature_min","°C",29.25
"2020-07-11T17:15:12.000Z","thermometer","temperature_min","°C",28.7
"2020-07-11T17:20:15.000Z","thermometer","temperature_min","°C",28.08
"2020-07-11T17:25:13.000Z","thermometer","temperature_min","°C",27.83
"2020-07-11T17:30:13.000Z","thermometer","temperature_min","°C",27.51
"2020-07-11T17:35:13.000Z","thermometer","temperature_min","°C",27.14
"2020-07-11T17:40:22.000Z","thermometer","temperature_min","°C",27.02
"2020-07-11T17:45:14.000Z","thermometer","temperature_min","°C",26.66
"2020-07-11T17:50:13.000Z","thermometer","temperature_min","°C",26.47
"2020-07-11T17:55:15.000Z","thermometer","temperature_min","°C",26.3
"2020-07-11T18:00:13.000Z","thermometer","temperature_min","°C",26.1
"2020-07-11T18:05:21.000Z","thermometer","temperature_min","°C",25.83
"2020-07-11T18:10:16.000Z","thermometer","temperature_min","°C",25.62
"2020-07-11T18:15:13.000Z","thermometer","temperature_min","°C",25.31
"2020-07-11T18:20:15.000Z","thermometer","temperature_min","°C",24.82
"2020-07-11T18:25:13.000Z","thermometer","temperature_min","°C",24.52
"2020-07-11T18:30:14.000Z","thermometer","temperature_min","°C",24.41
"2020-07-11T18:35:12.000Z","thermometer","temperature_min","°C",24.3
"2020-07-11T18:40:14.000Z","thermometer","temperature_min","°C",24.03
"2020-07-11T18:45:31.000Z","thermometer","temperature_min","°C",23.82
"2020-07-11T18:50:12.000Z","thermometer","temperature_min","°C",23.56
"2020-07-11T18:55:14.000Z","thermometer","temperature_min","°C",23.44
"2020-07-11T19:00:13.000Z","thermometer","temperature_min","°C",23.28
"2020-07-11T19:05:14.000Z","thermometer","temperature_min","°C",23.06
"2020-07-11T19:10:14.000Z","thermometer","temperature_min","°C",22.98
"2020-07-11T19:15:13.000Z","thermometer","temperature_min","°C",22.92
"2020-07-11T19:20:16.000Z","thermometer","temperature_min","°C",22.73
"2020-07-11T19:25:14.000Z","thermometer","temperature_min","°C",22.52
"2020-07-11T19:30:13.000Z","thermometer","temperature_min","°C",22.28
"2020-07-11T19:35:13.000Z","thermometer","temperature_min","°C",22.06
"2020-07-11T19:40:21.000Z","thermometer","temperature_min","°C",21.86
"2020-07-11T19:45:12.000Z","thermometer","temperature_min","°C",21.66
"2020-07-11T19:50:15.000Z","thermometer","temperature_min","°C",21.29
"2020-07-11T19:55:13.000Z","thermometer","temperature_min","°C",20.94
"2020-07-11T20:00:13.000Z","thermometer","temperature_min","°C",20.69
"2020-07-11T20:05:31.000Z","thermometer","temperature_min","°C",20.5
"2020-07-11T20:10:12.000Z","thermometer","temperature_min","°C",20.24
"2020-07-11T20:15:14.000Z","thermometer","temperature_min","°C",20
"2020-07-11T20:20:13.000Z","thermometer","temperature_min","°C",19.86
"2020-07-11T20:25:14.000Z","thermometer","temperature_min","°C",19.7
"2020-07-11T20:30:14.000Z","thermometer","temperature_min","°C",19.53
"2020-07-11T20:35:13.000Z","thermometer","temperature_min","°C",19.36
"2020-07-11T20:40:14.000Z","thermometer","temperature_min","°C",19.17
"2020-07-11T20:45:13.000Z","thermometer","temperature_min","°C",18.98
"2020-07-11T20:50:15.000Z","thermometer","temperature_min","°C",18.8
"2020-07-11T20:55:13.000Z","thermometer","temperature_min","°C",18.6
"2020-07-11T21:00:13.000Z","thermometer","temperature_min","°C",18.44
"2020-07-11T21:05:13.000Z","thermometer","temperature_min","°C",18.34
"2020-07-11T21:10:14.000Z","thermometer","temperature_min","°C",18.2
"2020-07-11T21:15:13.000Z","thermometer","temperature_min","°C",18.1
"2020-07-11T21:20:14.000Z","thermometer","temperature_min","°C",18.04
"2020-07-11T21:25:22.000Z","thermometer","temperature_min","°C",18.07
"2020-07-11T21:30:13.000Z","thermometer","temperature_min","°C",18.06
"2020-07-11T21:35:19.000Z","thermometer","temperature_min","°C",18.02
"2020-07-11T21:40:13.000Z","thermometer","temperature_min","°C",17.94
"2020-07-11T21:45:18.000Z","thermometer","temperature_min","°C",17.84
"2020-07-11T21:50:28.000Z","thermometer","temperature_min","°C",17.76
"2020-07-11T21:55:14.000Z","thermometer","temperature_min","°C",17.72
"2020-07-11T22:00:13.000Z","thermometer","temperature_min","°C",17.77
"2020-07-11T22:05:13.000Z","thermometer","temperature_min","°C",17.76
"2020-07-11T22:10:15.000Z","thermometer","temperature_min","°C",17.7
"2020-07-11T22:20:14.000Z","thermometer","temperature_min","°C",17.62
"2020-07-11T22:25:13.000Z","thermometer","temperature_min","°C",17.52
"2020-07-11T22:30:15.000Z","thermometer","temperature_min","°C",17.44
"2020-07-11T22:35:13.000Z","thermometer","temperature_min","°C",17.39
"2020-07-11T22:40:13.000Z","thermometer","temperature_min","°C",17.28
"2020-07-11T22:45:14.000Z","thermometer","temperature_min","°C",17.25
"2020-07-11T22:50:13.000Z","thermometer","temperature_min","°C",17.3
"2020-07-11T22:55:15.000Z","thermometer","temperature_min","°C",17.38
"2020-07-11T23:00:18.000Z","thermometer","temperature_min","°C",17.44
"2020-07-11T23:05:11.000Z","thermometer","temperature_min","°C",17.42
"2020-07-11T23:10:15.000Z","thermometer","temperature_min","°C",17.44
"2020-07-11T23:15:12.000Z","thermometer","temperature_min","°C",17.5
"2020-07-11T23:20:14.000Z","thermometer","temperature_min","°C",17.53
"2020-07-11T23:25:14.000Z","thermometer","temperature_min","°C",17.5
"2020-07-11T23:30:14.000Z","thermometer","temperature_min","°C",17.45
"2020-07-11T23:35:14.000Z","thermometer","temperature_min","°C",17.34
"2020-07-11T23:40:13.000Z","thermometer","temperature_min","°C",17.29
"2020-07-11T23:45:13.000Z","thermometer","temperature_min","°C",17.28
"2020-07-11T23:50:28.000Z","thermometer","temperature_min","°C",17.29
"2020-07-11T23:55:15.000Z","thermometer","temperature_min","°C",17.3
"2020-07-12T00:00:13.000Z","thermometer","temperature_min","°C",17.23
"2020-07-12T00:05:13.000Z","thermometer","temperature_min","°C",17.1
"2020-07-12T00:10:14.000Z","thermometer","temperature_min","°C",17.02
"2020-07-12T00:15:14.000Z","thermometer","temperature_min","°C",16.98
"2020-07-12T00:20:13.000Z","thermometer","temperature_min","°C",16.98
"2020-07-12T00:25:15.000Z","thermometer","temperature_min","°C",16.94
"2020-07-12T00:30:12.000Z","thermometer","temperature_min","°C",16.86
"2020-07-12T00:35:13.000Z","thermometer","temperature_min","°C",16.86
"2020-07-12T00:40:14.000Z","thermometer","temperature_min","°C",16.85
"2020-07-12T00:45:17.000Z","thermometer","temperature_min","°C",16.78
"2020-07-12T00:50:12.000Z","thermometer","temperature_min","°C",16.75
"2020-07-12T00:55:14.000Z","thermometer","temperature_min","°C",16.68
"2020-07-12T01:00:14.000Z","thermometer","temperature_min","°C",16.59
"2020-07-12T01:05:13.000Z","thermometer","temperature_min","°C",16.5
"2020-07-12T01:10:15.000Z","thermometer","temperature_min","°C",16.46
"2020-07-12T01:15:12.000Z","thermometer","temperature_min","°C",16.49
"2020-07-12T01:20:14.000Z","thermometer","temperature_min","°C",16.56
"2020-07-12T01:25:13.000Z","thermometer","temperature_min","°C",16.6
"2020-07-12T01:30:15.000Z","thermometer","temperature_min","°C",16.51
"2020-07-12T01:35:13.000Z","thermometer","temperature_min","°C",16.4
"2020-07-12T01:40:13.000Z","thermometer","temperature_min","°C",16.31
"2020-07-12T01:50:13.000Z","thermometer","temperature_min","°C",16.22
"2020-07-12T01:55:15.000Z","thermometer","temperature_min","°C",16.18
"2020-07-12T02:00:12.000Z","thermometer","temperature_min","°C",16.18
"2020-07-12T02:05:16.000Z","thermometer","temperature_min","°C",16.12
"2020-07-12T02:10:13.000Z","thermometer","temperature_min","°C",16.08
"2020-07-12T02:15:14.000Z","thermometer","temperature_min","°C",16.04
"2020-07-12T02:20:14.000Z","thermometer","temperature_min","°C",16.02
"2020-07-12T02:25:13.000Z","thermometer","temperature_min","°C",16.01
"2020-07-12T02:30:14.000Z","thermometer","temperature_min","°C",15.96
"2020-07-12T02:35:13.000Z","thermometer","temperature_min","°C",15.88
"2020-07-12T02:40:15.000Z","thermometer","temperature_min","°C",15.88
"2020-07-12T02:45:13.000Z","thermometer","temperature_min","°C",15.84
"2020-07-12T02:50:28.000Z","thermometer","temperature_min","°C",15.84
"2020-07-12T02:55:14.000Z","thermometer","temperature_min","°C",15.8
"2020-07-12T03:00:14.000Z","thermometer","temperature_min","°C",15.78
"2020-07-12T03:05:13.000Z","thermometer","temperature_min","°C",15.74
"2020-07-12T03:10:13.000Z","thermometer","temperature_min","°C",15.81
"2020-07-12T03:15:14.000Z","thermometer","temperature_min","°C",15.86
"2020-07-12T03:20:13.000Z","thermometer","temperature_min","°C",15.84
"2020-07-12T03:25:15.000Z","thermometer","temperature_min","°C",15.7
"2020-07-12T03:30:13.000Z","thermometer","temperature_min","°C",15.63
"2020-07-12T03:35:13.000Z","thermometer","temperature_min","°C",15.52
"2020-07-12T03:40:14.000Z","thermometer","temperature_min","°C",15.46
"2020-07-12T03:45:13.000Z","thermometer","temperature_min","°C",15.49
"2020-07-12T03:50:14.000Z","thermometer","temperature_min","°C",15.53
"2020-07-12T03:55:13.000Z","thermometer","temperature_min","°C",15.56
"2020-07-12T04:00:13.000Z","thermometer","temperature_min","°C",15.6
"2020-07-12T04:05:15.000Z","thermometer","temperature_min","°C",15.61
"2020-07-12T04:10:13.000Z","thermometer","temperature_min","°C",15.75
"2020-07-12T04:15:13.000Z","thermometer","temperature_min","°C",15.82
"2020-07-12T04:20:15.000Z","thermometer","temperature_min","°C",15.97
"2020-07-12T04:25:13.000Z","thermometer","temperature_min","°C",16.21
"2020-07-12T04:30:14.000Z","thermometer","temperature_min","°C",16.44
"2020-07-12T04:35:13.000Z","thermometer","temperature_min","°C",16.59
"2020-07-12T04:40:28.000Z","thermometer","temperature_min","°C",16.88
"2020-07-12T04:45:13.000Z","thermometer","temperature_min","°C",17.17
"2020-07-12T04:50:14.000Z","thermometer","temperature_min","°C",17.44
"2020-07-12T04:55:13.000Z","thermometer","temperature_min","°C",17.89
"2020-07-12T05:00:14.000Z","thermometer","temperature_min","°C",18.78
"2020-07-12T05:05:14.000Z","thermometer","temperature_min","°C",19.16
"2020-07-12T05:10:13.000Z","thermometer","temperature_min","°C",19.38
"2020-07-12T05:15:13.000Z","thermometer","temperature_min","°C",19.78
"2020-07-12T05:20:17.000Z","thermometer","temperature_min","°C",20.29
"2020-07-12T05:25:13.000Z","thermometer","temperature_min","°C",20.83
"2020-07-12T05:30:13.000Z","thermometer","temperature_min","°C",21.32
"2020-07-12T05:35:15.000Z","thermometer","temperature_min","°C",21.76
"2020-07-12T05:40:12.000Z","thermometer","temperature_min","°C",22.22
"2020-07-12T05:45:14.000Z","thermometer","temperature_min","°C",22.64
"2020-07-12T05:50:13.000Z","thermometer","temperature_min","°C",22.76
"2020-07-12T05:55:31.000Z","thermometer","temperature_min","°C",22.92
"2020-07-12T06:00:13.000Z","thermometer","temperature_min","°C",23.26
"2020-07-12T06:05:13.000Z","thermometer","temperature_min","°C",23.54
"2020-07-12T06:10:15.000Z","thermometer","temperature_min","°C",23.66
"2020-07-12T06:15:12.000Z","thermometer","temperature_min","°C",23.76
"2020-07-12T06:20:14.000Z","thermometer","temperature_min","°C",24.02
"2020-07-12T06:25:13.000Z","thermometer","temperature_min","°C",24.64
"2020-07-12T06:30:15.000Z","thermometer","temperature_min","°C",24.62
"2020-07-12T06:35:13.000Z","thermometer","temperature_min","°C",24.63
"2020-07-12T06:40:13.000Z","thermometer","temperature_min","°C",24.74
"2020-07-12T06:50:13.000Z","thermometer","temperature_min","°C",24.78
"2020-07-12T06:55:15.000Z","thermometer","temperature_min","°C",24.9
"2020-07-12T07:00:12.000Z","thermometer","temperature_min","°C",25.42
"2020-07-12T07:05:15.000Z","thermometer","temperature_min","°C",25.52
"2020-07-12T07:10:13.000Z","thermometer","temperature_min","°C",25.57
"2020-07-12T07:15:13.000Z","thermometer","temperature_min","°C",25.58
"2020-07-12T07:20:14.000Z","thermometer","temperature_min","°C",25.56
"2020-07-12T07:25:13.000Z","thermometer","temperature_min","°C",25.8
"2020-07-12T07:30:14.000Z","thermometer","temperature_min","°C",25.86
"2020-07-12T07:35:13.000Z","thermometer","temperature_min","°C",26.03
"2020-07-12T07:40:14.000Z","thermometer","temperature_min","°C",26.28
"2020-07-12T07:45:13.000Z","thermometer","temperature_min","°C",25.94
"2020-07-12T07:50:15.000Z","thermometer","temperature_min","°C",26.27
"2020-07-12T07:55:28.000Z","thermometer","temperature_min","°C",26.68
"2020-07-12T08:00:13.000Z","thermometer","temperature_min","°C",27.08
"2020-07-12T08:05:14.000Z","thermometer","temperature_min","°C",26.79
"2020-07-12T08:10:14.000Z","thermometer","temperature_min","°C",26.89
"2020-07-12T08:15:13.000Z","thermometer","temperature_min","°C",27
"2020-07-12T08:20:13.000Z","thermometer","temperature_min","°C",27.3
"2020-07-12T08:25:15.000Z","thermometer","temperature_min","°C",27.18
"2020-07-12T08:30:12.000Z","thermometer","temperature_min","°C",26.98
"2020-07-12T08:35:14.000Z","thermometer","temperature_min","°C",27.4
"2020-07-12T08:40:13.000Z","thermometer","temperature_min","°C",27.12
"2020-07-12T08:45:14.000Z","thermometer","temperature_min","°C",27.91
"2020-07-12T08:50:14.000Z","thermometer","temperature_min","°C",28.19
"2020-07-12T08:55:13.000Z","thermometer","temperature_min","°C",28
"2020-07-12T09:00:14.000Z","thermometer","temperature_min","°C",27.96
"2020-07-12T09:05:13.000Z","thermometer","temperature_min","°C",28.08
"2020-07-12T09:10:15.000Z","thermometer","temperature_min","°C",28.32
"2020-07-12T09:15:13.000Z","thermometer","temperature_min","°C",28.69
"2020-07-12T09:20:13.000Z","thermometer","temperature_min","°C",29.29
"2020-07-12T09:25:14.000Z","thermometer","temperature_min","°C",29.41
"2020-07-12T09:30:13.000Z","thermometer","temperature_min","°C",28.66
"2020-07-12T09:35:14.000Z","thermometer","temperature_min","°C",28.9
"2020-07-12T09:40:13.000Z","thermometer","temperature_min","°C",29.02
"2020-07-12T09:45:15.000Z","thermometer","temperature_min","°C",29.33
"2020-07-12T09:50:12.000Z","thermometer","temperature_min","°C",29.53
"2020-07-12T09:55:14.000Z","thermometer","temperature_min","°C",30.04
"2020-07-12T10:00:13.000Z","thermometer","temperature_min","°C",30.52
"2020-07-12T10:05:15.000Z","thermometer","temperature_min","°C",30.64
"2020-07-12T10:15:13.000Z","thermometer","temperature_min","°C",30.33
"2020-07-12T10:20:15.000Z","thermometer","temperature_min","°C",30.4
"2020-07-12T10:25:12.000Z","thermometer","temperature_min","°C",30.81
"2020-07-12T10:30:15.000Z","thermometer","temperature_min","°C",29.9
"2020-07-12T10:35:28.000Z","thermometer","temperature_min","°C",30.39
"2020-07-12T10:40:13.000Z","thermometer","temperature_min","°C",30.51
"2020-07-12T10:45:14.000Z","thermometer","temperature_min","°C",30.36
"2020-07-12T10:50:14.000Z","thermometer","temperature_min","°C",30.76
"2020-07-12T10:55:13.000Z","thermometer","temperature_min","°C",30.88
"2020-07-12T11:00:13.000Z","thermometer","temperature_min","°C",31.08
"2020-07-12T11:05:15.000Z","thermometer","temperature_min","°C",30.94
"2020-07-12T11:10:12.000Z","thermometer","temperature_min","°C",31.48
"2020-07-12T11:15:13.000Z","thermometer","temperature_min","°C",31.17
"2020-07-12T11:20:15.000Z","thermometer","temperature_min","°C",30.88
"2020-07-12T11:25:13.000Z","thermometer","temperature_min","°C",31.64
"2020-07-12T11:30:14.000Z","thermometer","temperature_min","°C",29.98
"2020-07-12T11:35:13.000Z","thermometer","temperature_min","°C",30.19
"2020-07-12T11:40:13.000Z","thermometer","temperature_min","°C",31.73
"2020-07-12T11:45:15.000Z","thermometer","temperature_min","°C",31.99
"2020-07-12T11:50:13.000Z","thermometer","temperature_min","°C",31.85
"2020-07-12T11:55:13.000Z","thermometer","temperature_min","°C",31.55
"2020-07-12T12:00:14.000Z","thermometer","temperature_min","°C",31.12
"2020-07-12T12:05:13.000Z","thermometer","temperature_min","°C",32.09
"2020-07-12T12:10:15.000Z","thermometer","temperature_min","°C",32.82
"2020-07-12T12:15:13.000Z","thermometer","temperature_min","°C",33.06
"2020-07-12T12:20:13.000Z","thermometer","temperature_min","°C",32.64
"2020-07-12T12:25:15.000Z","thermometer","temperature_min","°C",33.06
"2020-07-12T12:25:15.000Z","thermometer","temperature_min","°C",33.06
"2020-07-12T12:30:12.000Z","thermometer","temperature_min","°C",32.65
"2020-07-12T12:35:16.000Z","thermometer","temperature_min","°C",33.34
"2020-07-12T12:40:13.000Z","thermometer","temperature_min","°C",32.99
"2020-07-12T12:45:15.000Z","thermometer","temperature_min","°C",33.37
"2020-07-12T12:50:13.000Z","thermometer","temperature_min","°C",33.23
"2020-07-12T13:00:14.000Z","thermometer","temperature_min","°C",33.8
"2020-07-12T13:05:13.000Z","thermometer","temperature_min","°C",33.69
"2020-07-12T13:10:15.000Z","thermometer","temperature_min","°C",33.5
"2020-07-12T13:15:12.000Z","thermometer","temperature_min","°C",33.29
"2020-07-12T13:20:15.000Z","thermometer","temperature_min","°C",33.3
"2020-07-12T13:25:13.000Z","thermometer","temperature_min","°C",34.01
"2020-07-12T13:30:13.000Z","thermometer","temperature_min","°C",33.65
"2020-07-12T13:35:14.000Z","thermometer","temperature_min","°C",33.43
"2020-07-12T13:40:13.000Z","thermometer","temperature_min","°C",33.3
"2020-07-12T13:45:15.000Z","thermometer","temperature_min","°C",33.11
"2020-07-12T13:50:12.000Z","thermometer","temperature_min","°C",33.43
"2020-07-12T13:55:15.000Z","thermometer","temperature_min","°C",33.1
"2020-07-12T14:00:12.000Z","thermometer","temperature_min","°C",33.3
"2020-07-12T14:05:14.000Z","thermometer","temperature_min","°C",31.71
"2020-07-12T14:10:13.000Z","thermometer","temperature_min","°C",31.43
"2020-07-12T14:20:13.000Z","thermometer","temperature_min","°C",31.16
"2020-07-12T14:25:14.000Z","thermometer","temperature_min","°C",31.08
"2020-07-12T14:30:13.000Z","thermometer","temperature_min","°C",31.33
"2020-07-12T14:35:13.000Z","thermometer","temperature_min","°C",30.32
"2020-07-12T14:40:13.000Z","thermometer","temperature_min","°C",30.05
"2020-07-12T14:45:19.000Z","thermometer","temperature_min","°C",29.72
"2020-07-12T14:50:19.000Z","thermometer","temperature_min","°C",29.55
"2020-07-12T14:55:19.000Z","thermometer","temperature_min","°C",29.45
"2020-07-12T15:00:19.000Z","thermometer","temperature_min","°C",29.81
"2020-07-12T15:05:13.000Z","thermometer","temperature_min","°C",29.56
"2020-07-12T15:10:28.000Z","thermometer","temperature_min","°C",30.14
"2020-07-12T15:20:13.000Z","thermometer","temperature_min","°C",29.84
"2020-07-12T15:25:14.000Z","thermometer","temperature_min","°C",30.14
"2020-07-12T15:30:13.000Z","thermometer","temperature_min","°C",30.7
"2020-07-12T15:35:14.000Z","thermometer","temperature_min","°C",30.24
"2020-07-12T15:40:13.000Z","thermometer","temperature_min","°C",29.82
"2020-07-12T15:45:15.000Z","thermometer","temperature_min","°C",29.43
"2020-07-12T15:50:12.000Z","thermometer","temperature_min","°C",28.93
"2020-07-12T15:55:14.000Z","thermometer","temperature_min","°C",28.22
"2020-07-12T16:00:14.000Z","thermometer","temperature_min","°C",28.2
"2020-07-12T16:05:13.000Z","thermometer","temperature_min","°C",29.4
"2020-07-12T16:10:15.000Z","thermometer","temperature_min","°C",29.89
"2020-07-12T16:15:13.000Z","thermometer","temperature_min","°C",29.59
"2020-07-12T16:20:13.000Z","thermometer","temperature_min","°C",29.57
"2020-07-12T16:25:14.000Z","thermometer","temperature_min","°C",29.64
"2020-07-12T16:30:13.000Z","thermometer","temperature_min","°C",29.41
"2020-07-12T16:35:14.000Z","thermometer","temperature_min","°C",28.97
"2020-07-12T16:40:14.000Z","thermometer","temperature_min","°C",28.72
"2020-07-12T16:45:13.000Z","thermometer","temperature_min","°C",28.88
"2020-07-12T16:50:13.000Z","thermometer","temperature_min","°C",28.92
"2020-07-12T16:55:14.000Z","thermometer","temperature_min","°C",28.56
"2020-07-12T17:00:14.000Z","thermometer","temperature_min","°C",28.76
"2020-07-12T17:05:13.000Z","thermometer","temperature_min","°C",28.57
"2020-07-12T17:10:14.000Z","thermometer","temperature_min","°C",28.1
"2020-07-12T17:10:14.000Z","thermometer","temperature_min","°C",28.1
"2020-07-12T17:15:13.000Z","thermometer","temperature_min","°C",28.22
"2020-07-12T17:20:31.000Z","thermometer","temperature_min","°C",28.26
"2020-07-12T17:25:12.000Z","thermometer","temperature_min","°C",27.8
"2020-07-12T17:30:15.000Z","thermometer","temperature_min","°C",27.48
"2020-07-12T17:35:13.000Z","thermometer","temperature_min","°C",27.28
"2020-07-12T17:40:13.000Z","thermometer","temperature_min","°C",26.87
"2020-07-12T17:45:14.000Z","thermometer","temperature_min","°C",26.74
"2020-07-12T17:50:13.000Z","thermometer","temperature_min","°C",26.56
"2020-07-12T17:55:14.000Z","thermometer","temperature_min","°C",26.28
"2020-07-12T18:00:13.000Z","thermometer","temperature_min","°C",26.1
"2020-07-12T18:05:14.000Z","thermometer","temperature_min","°C",25.8
"2020-07-12T18:10:13.000Z","thermometer","temperature_min","°C",25.44
"2020-07-12T18:15:15.000Z","thermometer","temperature_min","°C",25.05
"2020-07-12T18:20:13.000Z","thermometer","temperature_min","°C",24.86
"2020-07-12T18:25:13.000Z","thermometer","temperature_min","°C",24.72
"2020-07-12T18:30:14.000Z","thermometer","temperature_min","°C",24.43
"2020-07-12T18:35:13.000Z","thermometer","temperature_min","°C",24.13
"2020-07-12T18:40:15.000Z","thermometer","temperature_min","°C",24
"2020-07-12T18:45:12.000Z","thermometer","temperature_min","°C",23.83
"2020-07-12T18:50:14.000Z","thermometer","temperature_min","°C",23.64
"2020-07-12T18:55:13.000Z","thermometer","temperature_min","°C",23.52
"2020-07-12T19:00:14.000Z","thermometer","temperature_min","°C",23.32
"2020-07-12T19:05:13.000Z","thermometer","temperature_min","°C",23.18
"2020-07-12T19:10:15.000Z","thermometer","temperature_min","°C",23.08
"2020-07-12T19:20:13.000Z","thermometer","temperature_min","°C",22.8
"2020-07-12T19:25:13.000Z","thermometer","temperature_min","°C",22.67
"2020-07-12T19:30:14.000Z","thermometer","temperature_min","°C",22.62
"2020-07-12T19:35:14.000Z","thermometer","temperature_min","°C",22.57
"2020-07-12T19:40:13.000Z","thermometer","temperature_min","°C",22.4
"2020-07-12T19:45:14.000Z","thermometer","temperature_min","°C",22.28
"2020-07-12T19:50:31.000Z","thermometer","temperature_min","°C",22.19
"2020-07-12T19:55:12.000Z","thermometer","temperature_min","°C",22.14
"2020-07-12T20:00:14.000Z","thermometer","temperature_min","°C",22.09
"2020-07-12T20:05:13.000Z","thermometer","temperature_min","°C",22.07
"2020-07-12T20:10:14.000Z","thermometer","temperature_min","°C",22.08
"2020-07-12T20:15:14.000Z","thermometer","temperature_min","°C",21.96
"2020-07-12T20:20:13.000Z","thermometer","temperature_min","°C",21.89
"2020-07-12T20:25:13.000Z","thermometer","temperature_min","°C",21.9
"2020-07-12T20:30:14.000Z","thermometer","temperature_min","°C",21.84
"2020-07-12T20:35:14.000Z","thermometer","temperature_min","°C",21.68
"2020-07-12T20:40:13.000Z","thermometer","temperature_min","°C",21.64
"2020-07-12T20:45:14.000Z","thermometer","temperature_min","°C",21.58
"2020-07-12T20:50:13.000Z","thermometer","temperature_min","°C",21.46
"2020-07-12T20:55:14.000Z","thermometer","temperature_min","°C",21.46
"2020-07-12T21:00:14.000Z","thermometer","temperature_min","°C",21.35
"2020-07-12T21:05:13.000Z","thermometer","temperature_min","°C",21.36
"2020-07-12T21:10:13.000Z","thermometer","temperature_min","°C",21.3
"2020-07-12T21:15:15.000Z","thermometer","temperature_min","°C",21.26
"2020-07-12T21:20:13.000Z","thermometer","temperature_min","°C",21.19
"2020-07-12T21:25:13.000Z","thermometer","temperature_min","°C",21.21
"2020-07-12T21:30:14.000Z","thermometer","temperature_min","°C",21.26
"2020-07-12T21:35:13.000Z","thermometer","temperature_min","°C",21.2
"2020-07-12T21:40:14.000Z","thermometer","temperature_min","°C",21.12
"2020-07-12T21:45:14.000Z","thermometer","temperature_min","°C",21.04
"2020-07-12T21:50:13.000Z","thermometer","temperature_min","°C",20.9
"2020-07-12T21:55:15.000Z","thermometer","temperature_min","°C",20.86
"2020-07-12T22:00:12.000Z","thermometer","temperature_min","°C",20.76
"2020-07-12T22:05:14.000Z","thermometer","temperature_min","°C",20.69
"2020-07-12T22:10:13.000Z","thermometer","temperature_min","°C",20.64
"2020-07-12T22:15:14.000Z","thermometer","temperature_min","°C",20.54
"2020-07-12T22:20:13.000Z","thermometer","temperature_min","°C",20.54
"2020-07-12T22:25:14.000Z","thermometer","temperature_min","°C",20.52
"2020-07-12T22:30:13.000Z","thermometer","temperature_min","°C",20.48
"2020-07-12T22:35:15.000Z","thermometer","temperature_min","°C",20.37
"2020-07-12T22:45:16.000Z","thermometer","temperature_min","°C",20.14
"2020-07-12T22:50:13.000Z","thermometer","temperature_min","°C",20.08
"2020-07-12T22:55:14.000Z","thermometer","temperature_min","°C",20.1
"2020-07-12T23:00:13.000Z","thermometer","temperature_min","°C",20.04
"2020-07-12T23:05:14.000Z","thermometer","temperature_min","°C",19.95
"2020-07-12T23:10:15.000Z","thermometer","temperature_min","°C",19.9
"2020-07-12T23:15:14.000Z","thermometer","temperature_min","°C",19.9
"2020-07-12T23:20:13.000Z","thermometer","temperature_min","°C",19.82
"2020-07-12T23:25:14.000Z","thermometer","temperature_min","°C",19.79
"2020-07-12T23:30:13.000Z","thermometer","temperature_min","°C",19.72
"2020-07-12T23:35:28.000Z","thermometer","temperature_min","°C",19.62
"2020-07-12T23:40:15.000Z","thermometer","temperature_min","°C",19.58
"2020-07-12T23:45:13.000Z","thermometer","temperature_min","°C",19.58
"2020-07-12T23:50:13.000Z","thermometer","temperature_min","°C",19.62
"2020-07-12T23:55:14.000Z","thermometer","temperature_min","°C",19.61
"2020-07-13T00:00:13.000Z","thermometer","temperature_min","°C",19.62
"2020-07-13T00:05:15.000Z","thermometer","temperature_min","°C",19.53
"2020-07-13T00:10:14.000Z","thermometer","temperature_min","°C",19.44
"2020-07-13T00:20:14.000Z","thermometer","temperature_min","°C",19.42
"2020-07-13T00:25:13.000Z","thermometer","temperature_min","°C",19.46
"2020-07-13T00:25:13.000Z","thermometer","temperature_min","°C",19.46
"2020-07-13T00:30:14.000Z","thermometer","temperature_min","°C",19.44
"2020-07-13T00:35:13.000Z","thermometer","temperature_min","°C",19.42
"2020-07-13T00:40:15.000Z","thermometer","temperature_min","°C",19.42
"2020-07-13T00:45:13.000Z","thermometer","temperature_min","°C",19.44
"2020-07-13T00:50:13.000Z","thermometer","temperature_min","°C",19.47
"2020-07-13T00:55:14.000Z","thermometer","temperature_min","°C",19.48
"2020-07-13T01:00:13.000Z","thermometer","temperature_min","°C",19.52
"2020-07-13T01:05:14.000Z","thermometer","temperature_min","°C",19.47
"2020-07-13T01:10:13.000Z","thermometer","temperature_min","°C",19.39
"2020-07-13T01:15:15.000Z","thermometer","temperature_min","°C",19.31
"2020-07-13T01:20:12.000Z","thermometer","temperature_min","°C",19.21
"2020-07-13T01:25:15.000Z","thermometer","temperature_min","°C",19.15
"2020-07-13T01:30:13.000Z","thermometer","temperature_min","°C",19.14
"2020-07-13T01:35:13.000Z","thermometer","temperature_min","°C",19.1
"2020-07-13T01:40:13.000Z","thermometer","temperature_min","°C",19.08
"2020-07-13T01:45:15.000Z","thermometer","temperature_min","°C",18.96
"2020-07-13T01:50:13.000Z","thermometer","temperature_min","°C",18.9
"2020-07-13T01:55:13.000Z","thermometer","temperature_min","°C",18.76
"2020-07-13T02:00:15.000Z","thermometer","temperature_min","°C",18.7
"2020-07-13T02:05:13.000Z","thermometer","temperature_min","°C",18.71
"2020-07-13T02:10:13.000Z","thermometer","temperature_min","°C",18.7
"2020-07-13T02:15:13.000Z","thermometer","temperature_min","°C",18.72
"2020-07-13T02:20:15.000Z","thermometer","temperature_min","°C",18.74
"2020-07-13T02:25:13.000Z","thermometer","temperature_min","°C",18.74
"2020-07-13T02:30:13.000Z","thermometer","temperature_min","°C",18.81
"2020-07-13T02:35:14.000Z","thermometer","temperature_min","°C",18.84
"2020-07-13T02:40:13.000Z","thermometer","temperature_min","°C",18.87
"2020-07-13T02:45:15.000Z","thermometer","temperature_min","°C",18.94
"2020-07-13T02:50:14.000Z","thermometer","temperature_min","°C",19
"2020-07-13T02:55:12.000Z","thermometer","temperature_min","°C",19.04
"2020-07-13T03:00:14.000Z","thermometer","temperature_min","°C",19.03
"2020-07-13T03:05:13.000Z","thermometer","temperature_min","°C",18.98
"2020-07-13T03:10:14.000Z","thermometer","temperature_min","°C",18.88
"2020-07-13T03:15:13.000Z","thermometer","temperature_min","°C",18.81
"2020-07-13T03:20:15.000Z","thermometer","temperature_min","°C",18.66
"2020-07-13T03:25:12.000Z","thermometer","temperature_min","°C",18.6
"2020-07-13T03:30:15.000Z","thermometer","temperature_min","°C",18.48
"2020-07-13T03:35:15.000Z","thermometer","temperature_min","°C",18.36
"2020-07-13T03:40:13.000Z","thermometer","temperature_min","°C",18.29
"2020-07-13T03:45:14.000Z","thermometer","temperature_min","°C",18.27
"2020-07-13T03:50:15.000Z","thermometer","temperature_min","°C",18.25
"2020-07-13T03:55:13.000Z","thermometer","temperature_min","°C",18.21
"2020-07-13T04:00:14.000Z","thermometer","temperature_min","°C",18.22
"2020-07-13T04:05:31.000Z","thermometer","temperature_min","°C",18.26
"2020-07-13T04:10:12.000Z","thermometer","temperature_min","°C",18.28
"2020-07-13T04:15:15.000Z","thermometer","temperature_min","°C",18.28
"2020-07-13T04:20:13.000Z","thermometer","temperature_min","°C",18.3
"2020-07-13T04:25:13.000Z","thermometer","temperature_min","°C",18.44
"2020-07-13T04:30:14.000Z","thermometer","temperature_min","°C",18.41
"2020-07-13T04:35:14.000Z","thermometer","temperature_min","°C",18.42
"2020-07-13T04:40:14.000Z","thermometer","temperature_min","°C",18.48
"2020-07-13T04:45:13.000Z","thermometer","temperature_min","°C",18.6
"2020-07-13T04:50:13.000Z","thermometer","temperature_min","°C",18.88
"2020-07-13T04:55:14.000Z","thermometer","temperature_min","°C",19.11
"2020-07-13T05:00:13.000Z","thermometer","temperature_min","°C",19.1
"2020-07-13T05:05:14.000Z","thermometer","temperature_min","°C",19.05
"2020-07-13T05:10:13.000Z","thermometer","temperature_min","°C",19.05
"2020-07-13T05:10:13.000Z","thermometer","temperature_min","°C",19.05
"2020-07-13T05:15:15.000Z","thermometer","temperature_min","°C",19.13
"2020-07-13T05:20:13.000Z","thermometer","temperature_min","°C",19.39
"2020-07-13T05:25:13.000Z","thermometer","temperature_min","°C",19.42
"2020-07-13T05:30:14.000Z","thermometer","temperature_min","°C",19.62
"2020-07-13T05:35:13.000Z","thermometer","temperature_min","°C",19.71
"2020-07-13T05:40:15.000Z","thermometer","temperature_min","°C",19.93
"2020-07-13T05:40:15.000Z","thermometer","temperature_min","°C",19.93
"2020-07-13T05:45:19.000Z","thermometer","temperature_min","°C",19.76
"2020-07-13T05:50:13.000Z","thermometer","temperature_min","°C",19.9
"2020-07-13T05:55:13.000Z","thermometer","temperature_min","°C",19.95
"2020-07-13T05:55:13.000Z","thermometer","temperature_min","°C",19.95
"2020-07-13T06:00:14.000Z","thermometer","temperature_min","°C",20.41
"2020-07-13T06:05:14.000Z","thermometer","temperature_min","°C",20.94
"2020-07-13T06:10:13.000Z","thermometer","temperature_min","°C",21.31
"2020-07-13T06:15:14.000Z","thermometer","temperature_min","°C",20.96
"2020-07-13T06:20:13.000Z","thermometer","temperature_min","°C",20.89
"2020-07-13T06:25:25.000Z","thermometer","temperature_min","°C",21.14
"2020-07-13T06:30:12.000Z","thermometer","temperature_min","°C",21.66
"2020-07-13T06:35:14.000Z","thermometer","temperature_min","°C",21.68
"2020-07-13T06:40:13.000Z","thermometer","temperature_min","°C",21.78
"2020-07-13T06:50:14.000Z","thermometer","temperature_min","°C",21.91
"2020-07-13T06:55:13.000Z","thermometer","temperature_min","°C",22.04
"2020-07-13T07:00:15.000Z","thermometer","temperature_min","°C",22.24
"2020-07-13T07:05:13.000Z","thermometer","temperature_min","°C",22.45
"2020-07-13T07:10:13.000Z","thermometer","temperature_min","°C",22.07
"2020-07-13T07:15:13.000Z","thermometer","temperature_min","°C",22.57
"2020-07-13T07:20:15.000Z","thermometer","temperature_min","°C",22.77
"2020-07-13T07:25:13.000Z","thermometer","temperature_min","°C",22.88
"2020-07-13T07:30:13.000Z","thermometer","temperature_min","°C",22.93
"2020-07-13T07:35:14.000Z","thermometer","temperature_min","°C",23.24
"2020-07-13T07:40:13.000Z","thermometer","temperature_min","°C",22.96
"2020-07-13T07:45:14.000Z","thermometer","temperature_min","°C",23.26
"2020-07-13T07:50:13.000Z","thermometer","temperature_min","°C",23.52
"2020-07-13T07:55:15.000Z","thermometer","temperature_min","°C",23.65
"2020-07-13T08:00:12.000Z","thermometer","temperature_min","°C",23.4
"2020-07-13T08:05:14.000Z","thermometer","temperature_min","°C",23.96
"2020-07-13T08:10:14.000Z","thermometer","temperature_min","°C",24.41
"2020-07-13T08:15:13.000Z","thermometer","temperature_min","°C",24.3
"2020-07-13T08:20:14.000Z","thermometer","temperature_min","°C",24.57
"2020-07-13T08:25:13.000Z","thermometer","temperature_min","°C",24.28
"2020-07-13T08:30:13.000Z","thermometer","temperature_min","°C",24.36
"2020-07-13T08:35:14.000Z","thermometer","temperature_min","°C",24.65
"2020-07-13T08:40:15.000Z","thermometer","temperature_min","°C",25.15
"2020-07-13T08:45:13.000Z","thermometer","temperature_min","°C",25.08
"2020-07-13T08:50:13.000Z","thermometer","temperature_min","°C",25.04
"2020-07-13T08:55:14.000Z","thermometer","temperature_min","°C",25.37
"2020-07-13T09:00:13.000Z","thermometer","temperature_min","°C",25.44
"2020-07-13T09:05:14.000Z","thermometer","temperature_min","°C",25.36
"2020-07-13T09:10:13.000Z","thermometer","temperature_min","°C",25.88
"2020-07-13T09:15:14.000Z","thermometer","temperature_min","°C",26.16
"2020-07-13T09:20:13.000Z","thermometer","temperature_min","°C",26.6
"2020-07-13T09:25:15.000Z","thermometer","temperature_min","°C",26.32
"2020-07-13T09:30:13.000Z","thermometer","temperature_min","°C",26.36
"2020-07-13T09:35:13.000Z","thermometer","temperature_min","°C",26.25
"2020-07-13T09:40:14.000Z","thermometer","temperature_min","°C",26.84
"2020-07-13T09:45:13.000Z","thermometer","temperature_min","°C",26.48
"2020-07-13T09:50:14.000Z","thermometer","temperature_min","°C",26.66
"2020-07-13T09:55:13.000Z","thermometer","temperature_min","°C",27.32
"2020-07-13T10:00:15.000Z","thermometer","temperature_min","°C",27.14
"2020-07-13T10:05:12.000Z","thermometer","temperature_min","°C",26.69
"2020-07-13T10:10:15.000Z","thermometer","temperature_min","°C",26.87
"2020-07-13T10:15:12.000Z","thermometer","temperature_min","°C",27.05
"2020-07-13T10:20:15.000Z","thermometer","temperature_min","°C",26.98
"2020-07-13T10:25:28.000Z","thermometer","temperature_min","°C",26.85
"2020-07-13T10:35:13.000Z","thermometer","temperature_min","°C",27.83
"2020-07-13T10:40:13.000Z","thermometer","temperature_min","°C",27.81
"2020-07-13T10:45:15.000Z","thermometer","temperature_min","°C",27.83
"2020-07-13T10:50:13.000Z","thermometer","temperature_min","°C",27.71
"2020-07-13T10:55:13.000Z","thermometer","temperature_min","°C",27.64
"2020-07-13T11:00:14.000Z","thermometer","temperature_min","°C",27.79
"2020-07-13T11:05:13.000Z","thermometer","temperature_min","°C",28.36
"2020-07-13T11:10:15.000Z","thermometer","temperature_min","°C",28.66
"2020-07-13T11:20:14.000Z","thermometer","temperature_min","°C",28.83
"2020-07-13T11:25:13.000Z","thermometer","temperature_min","°C",28.76
"2020-07-13T11:30:13.000Z","thermometer","temperature_min","°C",28.9
"2020-07-13T11:35:14.000Z","thermometer","temperature_min","°C",29.28
"2020-07-13T11:40:14.000Z","thermometer","temperature_min","°C",29.18
"2020-07-13T11:40:14.000Z","thermometer","temperature_min","°C",29.18
"2020-07-13T11:45:14.000Z","thermometer","temperature_min","°C",29.18
"2020-07-13T11:50:13.000Z","thermometer","temperature_min","°C",29.18
"2020-07-13T11:55:14.000Z","thermometer","temperature_min","°C",29.92
"2020-07-13T12:00:13.000Z","thermometer","temperature_min","°C",28.98
"2020-07-13T12:05:14.000Z","thermometer","temperature_min","°C",29.65
"2020-07-13T12:10:13.000Z","thermometer","temperature_min","°C",29.26
"2020-07-13T12:15:14.000Z","thermometer","temperature_min","°C",29.56
"2020-07-13T12:20:14.000Z","thermometer","temperature_min","°C",29.71
"2020-07-13T12:25:13.000Z","thermometer","temperature_min","°C",30.09
"2020-07-13T12:30:14.000Z","thermometer","temperature_min","°C",30.16
"2020-07-13T12:35:13.000Z","thermometer","temperature_min","°C",30.16
"2020-07-13T12:40:14.000Z","thermometer","temperature_min","°C",30.29
"2020-07-13T12:45:13.000Z","thermometer","temperature_min","°C",30.24
"2020-07-13T12:50:15.000Z","thermometer","temperature_min","°C",29.69
"2020-07-13T12:55:13.000Z","thermometer","temperature_min","°C",29.77
"2020-07-13T13:00:13.000Z","thermometer","temperature_min","°C",30.2
"2020-07-13T13:05:14.000Z","thermometer","temperature_min","°C",30.36
"2020-07-13T13:10:13.000Z","thermometer","temperature_min","°C",30.72
"2020-07-13T13:20:13.000Z","thermometer","temperature_min","°C",30.1
"2020-07-13T13:25:15.000Z","thermometer","temperature_min","°C",30.67
"2020-07-13T13:30:13.000Z","thermometer","temperature_min","°C",30.27
"2020-07-13T13:35:12.000Z","thermometer","temperature_min","°C",29.87
"2020-07-13T13:40:14.000Z","thermometer","temperature_min","°C",30.47
"2020-07-13T13:45:14.000Z","thermometer","temperature_min","°C",30.4
"2020-07-13T13:50:14.000Z","thermometer","temperature_min","°C",30.46
"2020-07-13T14:05:13.000Z","thermometer","temperature_min","°C",30.04
"2020-07-13T14:10:14.000Z","thermometer","temperature_min","°C",30.29
"2020-07-13T14:15:13.000Z","thermometer","temperature_min","°C",29.92
"2020-07-13T14:20:14.000Z","thermometer","temperature_min","°C",29.59
"2020-07-13T14:25:31.000Z","thermometer","temperature_min","°C",29.62
"2020-07-13T14:30:12.000Z","thermometer","temperature_min","°C",29.58
"2020-07-13T14:35:13.000Z","thermometer","temperature_min","°C",29.58
"2020-07-13T14:40:14.000Z","thermometer","temperature_min","°C",29.19
"2020-07-13T14:45:14.000Z","thermometer","temperature_min","°C",29.32
"2020-07-13T14:50:13.000Z","thermometer","temperature_min","°C",29.45
"2020-07-13T14:55:13.000Z","thermometer","temperature_min","°C",29.14
"2020-07-13T15:00:14.000Z","thermometer","temperature_min","°C",29.02
"2020-07-13T15:05:14.000Z","thermometer","temperature_min","°C",29.38
"2020-07-13T15:10:13.000Z","thermometer","temperature_min","°C",29.38
"2020-07-13T15:15:14.000Z","thermometer","temperature_min","°C",29.02
"2020-07-13T15:20:14.000Z","thermometer","temperature_min","°C",29.1
"2020-07-13T15:25:13.000Z","thermometer","temperature_min","°C",28.85
"2020-07-13T15:30:14.000Z","thermometer","temperature_min","°C",28.92
"2020-07-13T15:35:13.000Z","thermometer","temperature_min","°C",28.82
"2020-07-13T15:40:13.000Z","thermometer","temperature_min","°C",28.4
"2020-07-13T15:45:14.000Z","thermometer","temperature_min","°C",28.44
"2020-07-13T15:50:14.000Z","thermometer","temperature_min","°C",28.18
"2020-07-13T15:55:13.000Z","thermometer","temperature_min","°C",28
"2020-07-13T16:00:14.000Z","thermometer","temperature_min","°C",27.88
"2020-07-13T16:05:14.000Z","thermometer","temperature_min","°C",27.73
"2020-07-13T16:10:13.000Z","thermometer","temperature_min","°C",27.83
"2020-07-13T16:15:14.000Z","thermometer","temperature_min","°C",27.56
"2020-07-13T16:20:19.000Z","thermometer","temperature_min","°C",27.37
"2020-07-13T16:25:12.000Z","thermometer","temperature_min","°C",27.19
"2020-07-13T16:30:31.000Z","thermometer","temperature_min","°C",27.34
"2020-07-13T16:35:12.000Z","thermometer","temperature_min","°C",27.08
"2020-07-13T16:40:13.000Z","thermometer","temperature_min","°C",26.85
"2020-07-13T16:45:15.000Z","thermometer","temperature_min","°C",26.81
"2020-07-13T16:45:15.000Z","thermometer","temperature_min","°C",26.81
"2020-07-13T16:50:13.000Z","thermometer","temperature_min","°C",26.64
"2020-07-13T16:55:13.000Z","thermometer","temperature_min","°C",26.36
"2020-07-13T17:00:14.000Z","thermometer","temperature_min","°C",26.01
"2020-07-13T17:05:13.000Z","thermometer","temperature_min","°C",25.88
"2020-07-13T17:10:15.000Z","thermometer","temperature_min","°C",25.78
"2020-07-13T17:15:13.000Z","thermometer","temperature_min","°C",25.53
"2020-07-13T17:20:13.000Z","thermometer","temperature_min","°C",24.88
"2020-07-13T17:25:14.000Z","thermometer","temperature_min","°C",24.76
"2020-07-13T17:30:13.000Z","thermometer","temperature_min","°C",24.83
"2020-07-13T17:35:14.000Z","thermometer","temperature_min","°C",24.8
"2020-07-13T17:40:13.000Z","thermometer","temperature_min","°C",24.56
"2020-07-13T17:45:15.000Z","thermometer","temperature_min","°C",24.32
"2020-07-13T17:50:13.000Z","thermometer","temperature_min","°C",24.13
"2020-07-13T17:55:13.000Z","thermometer","temperature_min","°C",23.93
"2020-07-13T18:00:14.000Z","thermometer","temperature_min","°C",23.69
"2020-07-13T18:05:13.000Z","thermometer","temperature_min","°C",23.35
"2020-07-13T18:10:14.000Z","thermometer","temperature_min","°C",22.96
"2020-07-13T18:15:13.000Z","thermometer","temperature_min","°C",22.6
"2020-07-13T18:20:15.000Z","thermometer","temperature_min","°C",22.25
"2020-07-13T18:25:13.000Z","thermometer","temperature_min","°C",22.02
"2020-07-13T18:30:13.000Z","thermometer","temperature_min","°C",21.76
"2020-07-13T18:30:13.000Z","thermometer","temperature_min","°C",21.76
"2020-07-13T18:35:14.000Z","thermometer","temperature_min","°C",21.38
"2020-07-13T18:40:13.000Z","thermometer","temperature_min","°C",21.13
"2020-07-13T18:45:13.000Z","thermometer","temperature_min","°C",20.92
"2020-07-13T18:50:22.000Z","thermometer","temperature_min","°C",20.63
"2020-07-13T18:55:14.000Z","thermometer","temperature_min","°C",20.55
"2020-07-13T19:00:14.000Z","thermometer","temperature_min","°C",20.51
"2020-07-13T19:05:13.000Z","thermometer","temperature_min","°C",20.28
"2020-07-13T19:10:14.000Z","thermometer","temperature_min","°C",19.9
"2020-07-13T19:15:13.000Z","thermometer","temperature_min","°C",19.44
"2020-07-13T19:20:14.000Z","thermometer","temperature_min","°C",19.12
"2020-07-13T19:25:13.000Z","thermometer","temperature_min","°C",18.98
"2020-07-13T19:30:31.000Z","thermometer","temperature_min","°C",18.92
"2020-07-13T19:35:12.000Z","thermometer","temperature_min","°C",18.54
"2020-07-13T19:40:13.000Z","thermometer","temperature_min","°C",18.38
"2020-07-13T19:45:15.000Z","thermometer","temperature_min","°C",18.29
"2020-07-13T19:50:13.000Z","thermometer","temperature_min","°C",18.34
"2020-07-13T19:55:14.000Z","thermometer","temperature_min","°C",18.31
"2020-07-13T20:00:13.000Z","thermometer","temperature_min","°C",18.33
"2020-07-13T20:05:14.000Z","thermometer","temperature_min","°C",18.45
"2020-07-13T20:10:13.000Z","thermometer","temperature_min","°C",18.48
"2020-07-13T20:15:14.000Z","thermometer","temperature_min","°C",18.87
"2020-07-13T20:20:13.000Z","thermometer","temperature_min","°C",19
"2020-07-13T20:25:14.000Z","thermometer","temperature_min","°C",19.02
"2020-07-13T20:30:13.000Z","thermometer","temperature_min","°C",19.09
"2020-07-13T20:35:14.000Z","thermometer","temperature_min","°C",19.26
"2020-07-13T20:40:14.000Z","thermometer","temperature_min","°C",19.2
"2020-07-13T20:45:13.000Z","thermometer","temperature_min","°C",19.14
"2020-07-13T20:50:15.000Z","thermometer","temperature_min","°C",19.07
"2020-07-13T20:55:12.000Z","thermometer","temperature_min","°C",19.06
"2020-07-13T21:00:15.000Z","thermometer","temperature_min","°C",18.98
"2020-07-13T21:05:13.000Z","thermometer","temperature_min","°C",18.84
"2020-07-13T21:10:13.000Z","thermometer","temperature_min","°C",18.79
"2020-07-13T21:15:13.000Z","thermometer","temperature_min","°C",18.88
"2020-07-13T21:20:14.000Z","thermometer","temperature_min","°C",18.72
"2020-07-13T21:25:14.000Z","thermometer","temperature_min","°C",18.65
"2020-07-13T21:30:13.000Z","thermometer","temperature_min","°C",18.51
"2020-07-13T21:35:14.000Z","thermometer","temperature_min","°C",18.34
"2020-07-13T21:40:13.000Z","thermometer","temperature_min","°C",18.34
"2020-07-13T21:45:14.000Z","thermometer","temperature_min","°C",18.29
"2020-07-13T21:50:13.000Z","thermometer","temperature_min","°C",18.25
"2020-07-13T21:55:15.000Z","thermometer","temperature_min","°C",18.05
"2020-07-13T22:00:17.000Z","thermometer","temperature_min","°C",17.9
"2020-07-13T22:05:13.000Z","thermometer","temperature_min","°C",17.82
"2020-07-13T22:10:14.000Z","thermometer","temperature_min","°C",17.66
"2020-07-13T22:15:13.000Z","thermometer","temperature_min","°C",17.66
"2020-07-13T22:20:14.000Z","thermometer","temperature_min","°C",17.68
"2020-07-13T22:25:13.000Z","thermometer","temperature_min","°C",17.68
"2020-07-13T22:30:31.000Z","thermometer","temperature_min","°C",17.73
"2020-07-13T22:35:12.000Z","thermometer","temperature_min","°C",17.7
"2020-07-13T22:40:15.000Z","thermometer","temperature_min","°C",17.5
"2020-07-13T22:45:13.000Z","thermometer","temperature_min","°C",17.43
"2020-07-13T22:50:13.000Z","thermometer","temperature_min","°C",17.31
"2020-07-13T22:55:15.000Z","thermometer","temperature_min","°C",17.18
"2020-07-13T23:00:12.000Z","thermometer","temperature_min","°C",17.1
"2020-07-13T23:05:14.000Z","thermometer","temperature_min","°C",17.01
"2020-07-13T23:10:13.000Z","thermometer","temperature_min","°C",16.94
"2020-07-13T23:15:25.000Z","thermometer","temperature_min","°C",16.84
"2020-07-13T23:20:12.000Z","thermometer","temperature_min","°C",16.66
"2020-07-13T23:25:14.000Z","thermometer","temperature_min","°C",16.66
"2020-07-13T23:30:14.000Z","thermometer","temperature_min","°C",16.68
"2020-07-13T23:35:28.000Z","thermometer","temperature_min","°C",16.8
"2020-07-13T23:40:14.000Z","thermometer","temperature_min","°C",16.66
"2020-07-13T23:45:14.000Z","thermometer","temperature_min","°C",16.64
"2020-07-13T23:50:13.000Z","thermometer","temperature_min","°C",16.58
"2020-07-13T23:55:13.000Z","thermometer","temperature_min","°C",16.52
"2020-07-14T00:00:15.000Z","thermometer","temperature_min","°C",16.4
"2020-07-14T00:05:12.000Z","thermometer","temperature_min","°C",16.32
"2020-07-14T00:10:14.000Z","thermometer","temperature_min","°C",16.24
"2020-07-14T00:15:14.000Z","thermometer","temperature_min","°C",16.06
"2020-07-14T00:20:13.000Z","thermometer","temperature_min","°C",15.91
"2020-07-14T00:25:13.000Z","thermometer","temperature_min","°C",15.87
"2020-07-14T00:30:14.000Z","thermometer","temperature_min","°C",15.8
"2020-07-14T00:35:13.000Z","thermometer","temperature_min","°C",15.66
"2020-07-14T00:40:14.000Z","thermometer","temperature_min","°C",15.63
"2020-07-14T00:45:13.000Z","thermometer","temperature_min","°C",15.46
"2020-07-14T00:50:15.000Z","thermometer","temperature_min","°C",15.39
"2020-07-14T00:55:13.000Z","thermometer","temperature_min","°C",15.38
"2020-07-14T01:00:13.000Z","thermometer","temperature_min","°C",15.37
"2020-07-14T01:05:14.000Z","thermometer","temperature_min","°C",15.38
"2020-07-14T01:10:19.000Z","thermometer","temperature_min","°C",15.34
"2020-07-14T01:15:15.000Z","thermometer","temperature_min","°C",15.35
"2020-07-14T01:20:13.000Z","thermometer","temperature_min","°C",15.44
"2020-07-14T01:25:13.000Z","thermometer","temperature_min","°C",15.34
"2020-07-14T01:30:14.000Z","thermometer","temperature_min","°C",15.31
"2020-07-14T01:35:14.000Z","thermometer","temperature_min","°C",15.5
"2020-07-14T01:40:13.000Z","thermometer","temperature_min","°C",15.43
"2020-07-14T01:45:14.000Z","thermometer","temperature_min","°C",15.58
"2020-07-14T01:50:13.000Z","thermometer","temperature_min","°C",15.63
"2020-07-14T01:55:14.000Z","thermometer","temperature_min","°C",15.6
"2020-07-14T02:00:16.000Z","thermometer","temperature_min","°C",15.58
"2020-07-14T02:05:13.000Z","thermometer","temperature_min","°C",15.64
"2020-07-14T02:10:13.000Z","thermometer","temperature_min","°C",15.65
"2020-07-14T02:15:15.000Z","thermometer","temperature_min","°C",15.79
"2020-07-14T02:20:14.000Z","thermometer","temperature_min","°C",15.84
"2020-07-14T02:30:14.000Z","thermometer","temperature_min","°C",15.77
"2020-07-14T02:35:14.000Z","thermometer","temperature_min","°C",15.81
"2020-07-14T02:40:28.000Z","thermometer","temperature_min","°C",15.75
"2020-07-14T02:45:14.000Z","thermometer","temperature_min","°C",15.76
"2020-07-14T02:50:13.000Z","thermometer","temperature_min","°C",15.72
"2020-07-14T02:55:13.000Z","thermometer","temperature_min","°C",15.79
"2020-07-14T03:05:13.000Z","thermometer","temperature_min","°C",15.64
"2020-07-14T03:10:13.000Z","thermometer","temperature_min","°C",15.73
"2020-07-14T03:15:14.000Z","thermometer","temperature_min","°C",15.57
"2020-07-14T03:20:13.000Z","thermometer","temperature_min","°C",15.58
"2020-07-14T03:25:14.000Z","thermometer","temperature_min","°C",15.71
"2020-07-14T03:30:13.000Z","thermometer","temperature_min","°C",15.6
"2020-07-14T03:35:13.000Z","thermometer","temperature_min","°C",15.52
"2020-07-14T03:40:14.000Z","thermometer","temperature_min","°C",15.51
"2020-07-14T03:45:14.000Z","thermometer","temperature_min","°C",15.52
"2020-07-14T03:50:14.000Z","thermometer","temperature_min","°C",15.56
"2020-07-14T03:55:13.000Z","thermometer","temperature_min","°C",15.57
"2020-07-14T04:00:14.000Z","thermometer","temperature_min","°C",15.62
"2020-07-14T04:05:13.000Z","thermometer","temperature_min","°C",15.62
"2020-07-14T04:10:13.000Z","thermometer","temperature_min","°C",15.66
"2020-07-14T04:15:14.000Z","thermometer","temperature_min","°C",15.75
"2020-07-14T04:20:14.000Z","thermometer","temperature_min","°C",15.98
"2020-07-14T04:25:13.000Z","thermometer","temperature_min","°C",16.3
"2020-07-14T04:30:14.000Z","thermometer","temperature_min","°C",16.56
"2020-07-14T04:35:14.000Z","thermometer","temperature_min","°C",16.84
"2020-07-14T04:40:14.000Z","thermometer","temperature_min","°C",17.02
"2020-07-14T04:45:13.000Z","thermometer","temperature_min","°C",17.25
"2020-07-14T04:50:15.000Z","thermometer","temperature_min","°C",17.44
"2020-07-14T04:55:12.000Z","thermometer","temperature_min","°C",17.69
"2020-07-14T05:00:15.000Z","thermometer","temperature_min","°C",17.91
"2020-07-14T05:05:13.000Z","thermometer","temperature_min","°C",18.18
"2020-07-14T05:10:12.000Z","thermometer","temperature_min","°C",18.32
"2020-07-14T05:15:31.000Z","thermometer","temperature_min","°C",18.37
"2020-07-14T05:20:14.000Z","thermometer","temperature_min","°C",18.5
"2020-07-14T05:25:13.000Z","thermometer","temperature_min","°C",18.62
"2020-07-14T05:30:13.000Z","thermometer","temperature_min","°C",18.89
"2020-07-14T05:35:14.000Z","thermometer","temperature_min","°C",18.98
"2020-07-14T05:40:13.000Z","thermometer","temperature_min","°C",19.1
"2020-07-14T05:45:14.000Z","thermometer","temperature_min","°C",19.22
"2020-07-14T05:50:14.000Z","thermometer","temperature_min","°C",19.35
"2020-07-14T05:55:13.000Z","thermometer","temperature_min","°C",19.45
"2020-07-14T06:00:14.000Z","thermometer","temperature_min","°C",19.67
"2020-07-14T06:05:13.000Z","thermometer","temperature_min","°C",19.8
"2020-07-14T06:10:14.000Z","thermometer","temperature_min","°C",19.87
"2020-07-14T06:15:13.000Z","thermometer","temperature_min","°C",19.92
"2020-07-14T06:20:14.000Z","thermometer","temperature_min","°C",20.1
"2020-07-14T06:25:13.000Z","thermometer","temperature_min","°C",20.4
"2020-07-14T06:30:14.000Z","thermometer","temperature_min","°C",20.33
"2020-07-14T06:35:14.000Z","thermometer","temperature_min","°C",20.73
"2020-07-14T06:40:13.000Z","thermometer","temperature_min","°C",20.8
"2020-07-14T06:45:14.000Z","thermometer","temperature_min","°C",21.03
"2020-07-14T06:50:13.000Z","thermometer","temperature_min","°C",20.92
"2020-07-14T06:55:14.000Z","thermometer","temperature_min","°C",21.02
"2020-07-14T07:00:14.000Z","thermometer","temperature_min","°C",21.05
"2020-07-14T07:05:13.000Z","thermometer","temperature_min","°C",21.18
"2020-07-14T07:10:13.000Z","thermometer","temperature_min","°C",21.59
"2020-07-14T07:15:14.000Z","thermometer","temperature_min","°C",21.55
"2020-07-14T07:20:13.000Z","thermometer","temperature_min","°C",21.93
"2020-07-14T07:25:14.000Z","thermometer","temperature_min","°C",21.96
"2020-07-14T07:30:20.000Z","thermometer","temperature_min","°C",22.11
"2020-07-14T07:35:13.000Z","thermometer","temperature_min","°C",22.33
"2020-07-14T07:40:13.000Z","thermometer","temperature_min","°C",22.57
"2020-07-14T07:45:14.000Z","thermometer","temperature_min","°C",22.48
"2020-07-14T07:50:13.000Z","thermometer","temperature_min","°C",22.69
"2020-07-14T07:55:14.000Z","thermometer","temperature_min","°C",23.16
"2020-07-14T08:00:14.000Z","thermometer","temperature_min","°C",23.47
"2020-07-14T08:05:14.000Z","thermometer","temperature_min","°C",23.79
"2020-07-14T08:10:14.000Z","thermometer","temperature_min","°C",23.96
"2020-07-14T08:15:13.000Z","thermometer","temperature_min","°C",24.02
"2020-07-14T08:20:13.000Z","thermometer","temperature_min","°C",24.5
"2020-07-14T08:25:14.000Z","thermometer","temperature_min","°C",24.13
"2020-07-14T08:30:13.000Z","thermometer","temperature_min","°C",24.9
"2020-07-14T08:35:15.000Z","thermometer","temperature_min","°C",24.57
"2020-07-14T08:40:12.000Z","thermometer","temperature_min","°C",24.28
"2020-07-14T08:45:13.000Z","thermometer","temperature_min","°C",24.7
"2020-07-14T08:50:15.000Z","thermometer","temperature_min","°C",25.1
"2020-07-14T08:55:14.000Z","thermometer","temperature_min","°C",25.63
"2020-07-14T09:00:13.000Z","thermometer","temperature_min","°C",25.35
"2020-07-14T09:05:13.000Z","thermometer","temperature_min","°C",24.75
"2020-07-14T09:10:15.000Z","thermometer","temperature_min","°C",25.43
"2020-07-14T09:20:15.000Z","thermometer","temperature_min","°C",24.96
"2020-07-14T09:25:13.000Z","thermometer","temperature_min","°C",25.55
"2020-07-14T09:30:13.000Z","thermometer","temperature_min","°C",25.58
"2020-07-14T09:35:14.000Z","thermometer","temperature_min","°C",25.78
"2020-07-14T09:40:13.000Z","thermometer","temperature_min","°C",25.91
"2020-07-14T09:45:13.000Z","thermometer","temperature_min","°C",26.29
"2020-07-14T09:50:15.000Z","thermometer","temperature_min","°C",26.03
"2020-07-14T09:55:13.000Z","thermometer","temperature_min","°C",25.66
"2020-07-14T10:00:13.000Z","thermometer","temperature_min","°C",26.58
"2020-07-14T10:05:15.000Z","thermometer","temperature_min","°C",26.7
"2020-07-14T10:10:13.000Z","thermometer","temperature_min","°C",26.08
"2020-07-14T10:15:28.000Z","thermometer","temperature_min","°C",26.33
"2020-07-14T10:20:14.000Z","thermometer","temperature_min","°C",26.44
"2020-07-14T10:25:13.000Z","thermometer","temperature_min","°C",26.37
"2020-07-14T10:30:15.000Z","thermometer","temperature_min","°C",26.46
"2020-07-14T10:35:12.000Z","thermometer","temperature_min","°C",26.54
"2020-07-14T10:40:14.000Z","thermometer","temperature_min","°C",27.29
"2020-07-14T10:45:13.000Z","thermometer","temperature_min","°C",27.15
"2020-07-14T10:50:14.000Z","thermometer","temperature_min","°C",27.06
"2020-07-14T10:55:14.000Z","thermometer","temperature_min","°C",27.76
"2020-07-14T11:00:13.000Z","thermometer","temperature_min","°C",27.4
"2020-07-14T11:05:15.000Z","thermometer","temperature_min","°C",27.64
"2020-07-14T11:10:12.000Z","thermometer","temperature_min","°C",27.64
"2020-07-14T11:15:14.000Z","thermometer","temperature_min","°C",27.09
"2020-07-14T11:20:13.000Z","thermometer","temperature_min","°C",26.94
"2020-07-14T11:25:19.000Z","thermometer","temperature_min","°C",27.54
"2020-07-14T11:30:14.000Z","thermometer","temperature_min","°C",27.1
"2020-07-14T11:35:15.000Z","thermometer","temperature_min","°C",27.79
"2020-07-14T11:40:13.000Z","thermometer","temperature_min","°C",27.27
"2020-07-14T11:45:13.000Z","thermometer","temperature_min","°C",27.01
"2020-07-14T11:50:15.000Z","thermometer","temperature_min","°C",27.37
"2020-07-14T11:55:12.000Z","thermometer","temperature_min","°C",26.92
"2020-07-14T12:00:15.000Z","thermometer","temperature_min","°C",26.64
"2020-07-14T12:05:13.000Z","thermometer","temperature_min","°C",27.01
"2020-07-14T12:10:13.000Z","thermometer","temperature_min","°C",28.37
"2020-07-14T12:15:13.000Z","thermometer","temperature_min","°C",27.95
"2020-07-14T12:20:15.000Z","thermometer","temperature_min","°C",28.15
"2020-07-14T12:25:12.000Z","thermometer","temperature_min","°C",28.05
"2020-07-14T12:30:15.000Z","thermometer","temperature_min","°C",28.35
"2020-07-14T12:35:13.000Z","thermometer","temperature_min","°C",28.5
"2020-07-14T12:40:13.000Z","thermometer","temperature_min","°C",28.64
"2020-07-14T12:45:15.000Z","thermometer","temperature_min","°C",28.85
"2020-07-14T12:50:20.000Z","thermometer","temperature_min","°C",29.25
"2020-07-14T12:55:12.000Z","thermometer","temperature_min","°C",28.16
"2020-07-14T13:00:14.000Z","thermometer","temperature_min","°C",28.78
"2020-07-14T13:05:13.000Z","thermometer","temperature_min","°C",28.76
"2020-07-14T13:10:15.000Z","thermometer","temperature_min","°C",29.14
"2020-07-14T13:15:12.000Z","thermometer","temperature_min","°C",29.18
"2020-07-14T13:20:14.000Z","thermometer","temperature_min","°C",29.24
"2020-07-14T13:25:13.000Z","thermometer","temperature_min","°C",28.84
"2020-07-14T13:30:14.000Z","thermometer","temperature_min","°C",29.45
"2020-07-14T13:35:13.000Z","thermometer","temperature_min","°C",30.18
"2020-07-14T13:40:15.000Z","thermometer","temperature_min","°C",29.41
"2020-07-14T13:45:13.000Z","thermometer","temperature_min","°C",29.61
"2020-07-14T13:50:13.000Z","thermometer","temperature_min","°C",29.2
"2020-07-14T13:55:14.000Z","thermometer","temperature_min","°C",29.73
"2020-07-14T14:05:15.000Z","thermometer","temperature_min","°C",29.41
"2020-07-14T14:15:13.000Z","thermometer","temperature_min","°C",30.42
"2020-07-14T14:20:15.000Z","thermometer","temperature_min","°C",29.8
"2020-07-14T14:25:13.000Z","thermometer","temperature_min","°C",29.96
"2020-07-14T14:30:13.000Z","thermometer","temperature_min","°C",30.02
"2020-07-14T14:35:31.000Z","thermometer","temperature_min","°C",30.05
"2020-07-14T14:40:15.000Z","thermometer","temperature_min","°C",30.32
"2020-07-14T14:45:13.000Z","thermometer","temperature_min","°C",30.68
"2020-07-14T14:50:14.000Z","thermometer","temperature_min","°C",29.86
"2020-07-14T14:55:13.000Z","thermometer","temperature_min","°C",29.92
"2020-07-14T15:00:17.000Z","thermometer","temperature_min","°C",29.7
"2020-07-14T15:05:12.000Z","thermometer","temperature_min","°C",29.39
"2020-07-14T15:10:15.000Z","thermometer","temperature_min","°C",29.29
"2020-07-14T15:15:13.000Z","thermometer","temperature_min","°C",29.77
"2020-07-14T15:20:13.000Z","thermometer","temperature_min","°C",29.11
"2020-07-14T15:25:15.000Z","thermometer","temperature_min","°C",28.6
"2020-07-14T15:30:13.000Z","thermometer","temperature_min","°C",28.88
"2020-07-14T15:35:13.000Z","thermometer","temperature_min","°C",28.81
"2020-07-14T15:40:13.000Z","thermometer","temperature_min","°C",28.58
"2020-07-14T15:45:14.000Z","thermometer","temperature_min","°C",28.78
"2020-07-14T15:50:13.000Z","thermometer","temperature_min","°C",28.96
"2020-07-14T15:55:14.000Z","thermometer","temperature_min","°C",29.23
"2020-07-14T16:00:31.000Z","thermometer","temperature_min","°C",28.96
"2020-07-14T16:05:12.000Z","thermometer","temperature_min","°C",29.25
"2020-07-14T16:10:19.000Z","thermometer","temperature_min","°C",29.19
"2020-07-14T16:15:15.000Z","thermometer","temperature_min","°C",28.96
"2020-07-14T16:20:13.000Z","thermometer","temperature_min","°C",28.92
"2020-07-14T16:25:13.000Z","thermometer","temperature_min","°C",28.74
"2020-07-14T16:30:20.000Z","thermometer","temperature_min","°C",28.04
"2020-07-14T16:35:14.000Z","thermometer","temperature_min","°C",27.67
"2020-07-14T16:40:13.000Z","thermometer","temperature_min","°C",27.68
"2020-07-14T16:45:14.000Z","thermometer","temperature_min","°C",28.22
"2020-07-14T16:50:13.000Z","thermometer","temperature_min","°C",27.73
"2020-07-14T16:55:14.000Z","thermometer","temperature_min","°C",27.64
"2020-07-14T17:00:13.000Z","thermometer","temperature_min","°C",27.85
"2020-07-14T17:05:14.000Z","thermometer","temperature_min","°C",27.48
"2020-07-14T17:10:14.000Z","thermometer","temperature_min","°C",27.39
"2020-07-14T17:15:14.000Z","thermometer","temperature_min","°C",27.18
"2020-07-14T17:20:13.000Z","thermometer","temperature_min","°C",26.42
"2020-07-14T17:30:24.000Z","thermometer","temperature_min","°C",26.36
"2020-07-14T17:35:13.000Z","thermometer","temperature_min","°C",25.94
"2020-07-14T17:40:15.000Z","thermometer","temperature_min","°C",25.69
"2020-07-14T17:45:13.000Z","thermometer","temperature_min","°C",25.38
"2020-07-14T17:50:13.000Z","thermometer","temperature_min","°C",25.1
"2020-07-14T17:55:14.000Z","thermometer","temperature_min","°C",24.95
"2020-07-14T18:00:13.000Z","thermometer","temperature_min","°C",24.34
"2020-07-14T18:05:31.000Z","thermometer","temperature_min","°C",23.53
"2020-07-14T18:10:12.000Z","thermometer","temperature_min","°C",22.76
"2020-07-14T18:15:14.000Z","thermometer","temperature_min","°C",21.85
"2020-07-14T18:20:13.000Z","thermometer","temperature_min","°C",21.04
"2020-07-14T18:25:14.000Z","thermometer","temperature_min","°C",20.17
"2020-07-14T18:30:13.000Z","thermometer","temperature_min","°C",19.77
"2020-07-14T18:35:14.000Z","thermometer","temperature_min","°C",19.54
"2020-07-14T18:40:16.000Z","thermometer","temperature_min","°C",19.11
"2020-07-14T18:45:14.000Z","thermometer","temperature_min","°C",18.79
"2020-07-14T18:50:13.000Z","thermometer","temperature_min","°C",18.56
"2020-07-14T18:55:13.000Z","thermometer","temperature_min","°C",18.05
"2020-07-14T19:00:15.000Z","thermometer","temperature_min","°C",17.54
"2020-07-14T19:05:13.000Z","thermometer","temperature_min","°C",17.06
"2020-07-14T19:10:13.000Z","thermometer","temperature_min","°C",16.95
"2020-07-14T19:15:14.000Z","thermometer","temperature_min","°C",16.73
"2020-07-14T19:20:13.000Z","thermometer","temperature_min","°C",16.38
"2020-07-14T19:25:14.000Z","thermometer","temperature_min","°C",16.04
"2020-07-14T19:30:13.000Z","thermometer","temperature_min","°C",15.96
"2020-07-14T19:35:15.000Z","thermometer","temperature_min","°C",16.24
"2020-07-14T19:40:12.000Z","thermometer","temperature_min","°C",16.66
"2020-07-14T19:45:13.000Z","thermometer","temperature_min","°C",16.92
"2020-07-14T19:50:15.000Z","thermometer","temperature_min","°C",17.08
"2020-07-14T19:55:13.000Z","thermometer","temperature_min","°C",17.14
"2020-07-14T20:00:31.000Z","thermometer","temperature_min","°C",17.18
"2020-07-14T20:05:12.000Z","thermometer","temperature_min","°C",17
"2020-07-14T20:10:14.000Z","thermometer","temperature_min","°C",16.83
"2020-07-14T20:20:14.000Z","thermometer","temperature_min","°C",16.37
"2020-07-14T20:25:13.000Z","thermometer","temperature_min","°C",16.28
"2020-07-14T20:35:13.000Z","thermometer","temperature_min","°C",16.22
"2020-07-14T20:40:15.000Z","thermometer","temperature_min","°C",16.18
"2020-07-14T20:45:13.000Z","thermometer","temperature_min","°C",16.18
"2020-07-14T20:50:13.000Z","thermometer","temperature_min","°C",16.13
"2020-07-14T20:55:14.000Z","thermometer","temperature_min","°C",15.95
"2020-07-14T21:00:13.000Z","thermometer","temperature_min","°C",15.92
"2020-07-14T21:05:15.000Z","thermometer","temperature_min","°C",15.93
"2020-07-14T21:10:12.000Z","thermometer","temperature_min","°C",15.82
"2020-07-14T21:15:14.000Z","thermometer","temperature_min","°C",15.54
"2020-07-14T21:20:13.000Z","thermometer","temperature_min","°C",15.48
"2020-07-14T21:25:15.000Z","thermometer","temperature_min","°C",15.55
"2020-07-14T21:30:12.000Z","thermometer","temperature_min","°C",15.7
"2020-07-14T21:35:15.000Z","thermometer","temperature_min","°C",15.85
"2020-07-14T21:40:13.000Z","thermometer","temperature_min","°C",16.02
"2020-07-14T21:45:13.000Z","thermometer","temperature_min","°C",16.16
"2020-07-14T21:50:14.000Z","thermometer","temperature_min","°C",16.22
"2020-07-14T21:55:13.000Z","thermometer","temperature_min","°C",16.24
"2020-07-14T22:00:14.000Z","thermometer","temperature_min","°C",15.93
"2020-07-14T22:05:13.000Z","thermometer","temperature_min","°C",15.62
"2020-07-14T22:10:15.000Z","thermometer","temperature_min","°C",15.46
"2020-07-14T22:15:13.000Z","thermometer","temperature_min","°C",15.31
"2020-07-14T22:20:28.000Z","thermometer","temperature_min","°C",15.16
"2020-07-14T22:25:14.000Z","thermometer","temperature_min","°C",15.09
"2020-07-14T22:30:13.000Z","thermometer","temperature_min","°C",15.04
"2020-07-14T22:35:15.000Z","thermometer","temperature_min","°C",14.92
"2020-07-14T22:40:14.000Z","thermometer","temperature_min","°C",15.04
"2020-07-14T22:45:12.000Z","thermometer","temperature_min","°C",15.21
"2020-07-14T22:50:13.000Z","thermometer","temperature_min","°C",15.01
"2020-07-14T22:55:14.000Z","thermometer","temperature_min","°C",14.88
"2020-07-14T23:00:14.000Z","thermometer","temperature_min","°C",14.73
"2020-07-14T23:05:13.000Z","thermometer","temperature_min","°C",14.56
"2020-07-14T23:10:14.000Z","thermometer","temperature_min","°C",14.42
"2020-07-14T23:15:13.000Z","thermometer","temperature_min","°C",14.3
"2020-07-14T23:20:14.000Z","thermometer","temperature_min","°C",14.34
"2020-07-14T23:25:13.000Z","thermometer","temperature_min","°C",14.34
"2020-07-14T23:30:14.000Z","thermometer","temperature_min","°C",14.34
"2020-07-14T23:35:13.000Z","thermometer","temperature_min","°C",14.35
"2020-07-14T23:40:14.000Z","thermometer","temperature_min","°C",14.38
"2020-07-14T23:45:14.000Z","thermometer","temperature_min","°C",14.52
"2020-07-14T23:50:13.000Z","thermometer","temperature_min","°C",14.58
"2020-07-14T23:55:14.000Z","thermometer","temperature_min","°C",14.64
"2020-07-15T00:00:13.000Z","thermometer","temperature_min","°C",14.74
"2020-07-15T00:05:14.000Z","thermometer","temperature_min","°C",14.85
"2020-07-15T00:10:13.000Z","thermometer","temperature_min","°C",14.94
"2020-07-15T00:15:14.000Z","thermometer","temperature_min","°C",14.9
"2020-07-15T00:20:14.000Z","thermometer","temperature_min","°C",14.92
"2020-07-15T00:25:13.000Z","thermometer","temperature_min","°C",14.84
"2020-07-15T00:30:14.000Z","thermometer","temperature_min","°C",14.7
"2020-07-15T00:35:13.000Z","thermometer","temperature_min","°C",14.66
"2020-07-15T00:40:14.000Z","thermometer","temperature_min","°C",14.83
"2020-07-15T00:45:13.000Z","thermometer","temperature_min","°C",14.93
"2020-07-15T00:50:15.000Z","thermometer","temperature_min","°C",14.72
"2020-07-15T00:55:13.000Z","thermometer","temperature_min","°C",14.55
"2020-07-15T01:00:13.000Z","thermometer","temperature_min","°C",14.31
"2020-07-15T01:05:14.000Z","thermometer","temperature_min","°C",14.12
"2020-07-15T01:10:13.000Z","thermometer","temperature_min","°C",13.99
"2020-07-15T01:15:14.000Z","thermometer","temperature_min","°C",14
"2020-07-15T01:20:13.000Z","thermometer","temperature_min","°C",14
"2020-07-15T01:25:15.000Z","thermometer","temperature_min","°C",13.98
"2020-07-15T01:30:12.000Z","thermometer","temperature_min","°C",13.94
"2020-07-15T01:35:15.000Z","thermometer","temperature_min","°C",13.86
"2020-07-15T01:40:13.000Z","thermometer","temperature_min","°C",13.75
"2020-07-15T01:45:13.000Z","thermometer","temperature_min","°C",13.58
"2020-07-15T01:50:14.000Z","thermometer","temperature_min","°C",13.46
"2020-07-15T01:55:13.000Z","thermometer","temperature_min","°C",13.27
"2020-07-15T02:00:13.000Z","thermometer","temperature_min","°C",13.15
"2020-07-15T02:05:14.000Z","thermometer","temperature_min","°C",13.02
"2020-07-15T02:10:13.000Z","thermometer","temperature_min","°C",12.95
"2020-07-15T02:15:14.000Z","thermometer","temperature_min","°C",12.82
"2020-07-15T02:20:15.000Z","thermometer","temperature_min","°C",12.74
"2020-07-15T02:25:12.000Z","thermometer","temperature_min","°C",12.67
"2020-07-15T02:30:31.000Z","thermometer","temperature_min","°C",12.56
"2020-07-15T02:35:13.000Z","thermometer","temperature_min","°C",12.47
"2020-07-15T02:40:13.000Z","thermometer","temperature_min","°C",12.36
"2020-07-15T02:45:13.000Z","thermometer","temperature_min","°C",12.33
"2020-07-15T02:50:14.000Z","thermometer","temperature_min","°C",12.39
"2020-07-15T02:55:14.000Z","thermometer","temperature_min","°C",12.39
"2020-07-15T03:00:13.000Z","thermometer","temperature_min","°C",12.34
"2020-07-15T03:05:15.000Z","thermometer","temperature_min","°C",12.29
"2020-07-15T03:10:13.000Z","thermometer","temperature_min","°C",12.19
"2020-07-15T03:15:13.000Z","thermometer","temperature_min","°C",12.13
"2020-07-15T03:20:13.000Z","thermometer","temperature_min","°C",12.09
"2020-07-15T03:25:15.000Z","thermometer","temperature_min","°C",12.04
"2020-07-15T03:30:13.000Z","thermometer","temperature_min","°C",12.11
"2020-07-15T03:35:13.000Z","thermometer","temperature_min","°C",12.14
"2020-07-15T03:40:15.000Z","thermometer","temperature_min","°C",12.24
"2020-07-15T03:45:12.000Z","thermometer","temperature_min","°C",12.34
"2020-07-15T03:50:14.000Z","thermometer","temperature_min","°C",12.42
"2020-07-15T03:55:13.000Z","thermometer","temperature_min","°C",12.5
"2020-07-15T04:00:14.000Z","thermometer","temperature_min","°C",12.54
"2020-07-15T04:05:14.000Z","thermometer","temperature_min","°C",12.6
"2020-07-15T04:10:13.000Z","thermometer","temperature_min","°C",12.72
"2020-07-15T04:15:14.000Z","thermometer","temperature_min","°C",12.87
"2020-07-15T04:20:13.000Z","thermometer","temperature_min","°C",12.96
"2020-07-15T04:25:27.000Z","thermometer","temperature_min","°C",13.14
"2020-07-15T04:30:13.000Z","thermometer","temperature_min","°C",13.29
"2020-07-15T04:35:31.000Z","thermometer","temperature_min","°C",13.6
"2020-07-15T04:40:12.000Z","thermometer","temperature_min","°C",14.44
"2020-07-15T04:45:14.000Z","thermometer","temperature_min","°C",14.74
"2020-07-15T04:50:13.000Z","thermometer","temperature_min","°C",14.84
"2020-07-15T04:55:14.000Z","thermometer","temperature_min","°C",15.22
"2020-07-15T05:00:13.000Z","thermometer","temperature_min","°C",15.48
"2020-07-15T05:05:14.000Z","thermometer","temperature_min","°C",16.03
"2020-07-15T05:10:13.000Z","thermometer","temperature_min","°C",16.82
"2020-07-15T05:15:15.000Z","thermometer","temperature_min","°C",17.4
"2020-07-15T05:20:13.000Z","thermometer","temperature_min","°C",17.7
"2020-07-15T05:25:13.000Z","thermometer","temperature_min","°C",17.66
"2020-07-15T05:30:14.000Z","thermometer","temperature_min","°C",18.24
"2020-07-15T05:35:13.000Z","thermometer","temperature_min","°C",19.08
"2020-07-15T05:40:15.000Z","thermometer","temperature_min","°C",20.07
"2020-07-15T05:45:12.000Z","thermometer","temperature_min","°C",20.3
"2020-07-15T05:50:14.000Z","thermometer","temperature_min","°C",20.16
"2020-07-15T05:55:13.000Z","thermometer","temperature_min","°C",20.65
"2020-07-15T06:00:14.000Z","thermometer","temperature_min","°C",20.92
"2020-07-15T06:05:14.000Z","thermometer","temperature_min","°C",20.94
"2020-07-15T06:10:13.000Z","thermometer","temperature_min","°C",21.08
"2020-07-15T06:15:14.000Z","thermometer","temperature_min","°C",20.66
"2020-07-15T06:20:13.000Z","thermometer","temperature_min","°C",20.44
"2020-07-15T06:25:15.000Z","thermometer","temperature_min","°C",20.86
"2020-07-15T06:30:12.000Z","thermometer","temperature_min","°C",21.68
"2020-07-15T06:35:14.000Z","thermometer","temperature_min","°C",22.5
"2020-07-15T06:45:12.000Z","thermometer","temperature_min","°C",22.26
"2020-07-15T06:45:12.000Z","thermometer","temperature_min","°C",22.26
"2020-07-15T06:50:14.000Z","thermometer","temperature_min","°C",22.18
"2020-07-15T06:55:13.000Z","thermometer","temperature_min","°C",22.15
"2020-07-15T07:00:14.000Z","thermometer","temperature_min","°C",22.45
"2020-07-15T07:05:13.000Z","thermometer","temperature_min","°C",23.19
"2020-07-15T07:10:15.000Z","thermometer","temperature_min","°C",22.95
"2020-07-15T07:15:12.000Z","thermometer","temperature_min","°C",23.32
"2020-07-15T07:20:14.000Z","thermometer","temperature_min","°C",23.27
"2020-07-15T07:25:13.000Z","thermometer","temperature_min","°C",22.8
"2020-07-15T07:30:15.000Z","thermometer","temperature_min","°C",22.89
"2020-07-15T07:35:13.000Z","thermometer","temperature_min","°C",23.4
"2020-07-15T07:40:14.000Z","thermometer","temperature_min","°C",23.98
"2020-07-15T07:45:14.000Z","thermometer","temperature_min","°C",23.68
"2020-07-15T07:50:15.000Z","thermometer","temperature_min","°C",23.53
"2020-07-15T07:55:15.000Z","thermometer","temperature_min","°C",24.01
"2020-07-15T08:00:14.000Z","thermometer","temperature_min","°C",23.74
"2020-07-15T08:05:13.000Z","thermometer","temperature_min","°C",23.86
"2020-07-15T08:10:13.000Z","thermometer","temperature_min","°C",24.15
"2020-07-15T08:15:19.000Z","thermometer","temperature_min","°C",24.2
"2020-07-15T08:20:13.000Z","thermometer","temperature_min","°C",24.44
"2020-07-15T08:25:13.000Z","thermometer","temperature_min","°C",24.5
"2020-07-15T08:30:15.000Z","thermometer","temperature_min","°C",24.35
"2020-07-15T08:35:28.000Z","thermometer","temperature_min","°C",24.79
"2020-07-15T08:40:13.000Z","thermometer","temperature_min","°C",24.88
"2020-07-15T08:45:14.000Z","thermometer","temperature_min","°C",24.27
"2020-07-15T08:50:13.000Z","thermometer","temperature_min","°C",24.72
"2020-07-15T08:55:14.000Z","thermometer","temperature_min","°C",25.62
"2020-07-15T08:55:14.000Z","thermometer","temperature_min","°C",25.62
"2020-07-15T09:00:13.000Z","thermometer","temperature_min","°C",26.13
"2020-07-15T09:05:14.000Z","thermometer","temperature_min","°C",25.65
"2020-07-15T09:10:13.000Z","thermometer","temperature_min","°C",25.23
"2020-07-15T09:15:15.000Z","thermometer","temperature_min","°C",25.23
"2020-07-15T09:20:12.000Z","thermometer","temperature_min","°C",25.31
"2020-07-15T09:25:14.000Z","thermometer","temperature_min","°C",25.36
"2020-07-15T09:30:13.000Z","thermometer","temperature_min","°C",25.39
"2020-07-15T09:35:14.000Z","thermometer","temperature_min","°C",25.53
"2020-07-15T09:40:14.000Z","thermometer","temperature_min","°C",25.61
"2020-07-15T09:45:13.000Z","thermometer","temperature_min","°C",26.03
"2020-07-15T09:50:15.000Z","thermometer","temperature_min","°C",25.31
"2020-07-15T09:55:12.000Z","thermometer","temperature_min","°C",25.5
"2020-07-15T10:00:14.000Z","thermometer","temperature_min","°C",25.8
"2020-07-15T10:05:13.000Z","thermometer","temperature_min","°C",25.64
"2020-07-15T10:05:13.000Z","thermometer","temperature_min","°C",25.64
"2020-07-15T10:10:15.000Z","thermometer","temperature_min","°C",25.31
"2020-07-15T10:15:13.000Z","thermometer","temperature_min","°C",25.6
"2020-07-15T10:20:13.000Z","thermometer","temperature_min","°C",26.01
"2020-07-15T10:25:14.000Z","thermometer","temperature_min","°C",25.88
"2020-07-15T10:30:15.000Z","thermometer","temperature_min","°C",25.24
"2020-07-15T10:35:15.000Z","thermometer","temperature_min","°C",25.12
"2020-07-15T10:40:12.000Z","thermometer","temperature_min","°C",25.89
"2020-07-15T10:50:21.000Z","thermometer","temperature_min","°C",26.54
"2020-07-15T11:00:13.000Z","thermometer","temperature_min","°C",26.84
"2020-07-15T11:05:15.000Z","thermometer","temperature_min","°C",27.05
"2020-07-15T11:10:13.000Z","thermometer","temperature_min","°C",26.92
"2020-07-15T11:15:13.000Z","thermometer","temperature_min","°C",26.94
"2020-07-15T11:20:14.000Z","thermometer","temperature_min","°C",26.88
"2020-07-15T11:25:14.000Z","thermometer","temperature_min","°C",26.87
"2020-07-15T11:30:13.000Z","thermometer","temperature_min","°C",27.2
"2020-07-15T11:35:13.000Z","thermometer","temperature_min","°C",27.85
"2020-07-15T11:40:15.000Z","thermometer","temperature_min","°C",27.53
"2020-07-15T11:40:15.000Z","thermometer","temperature_min","°C",27.53
"2020-07-15T11:45:13.000Z","thermometer","temperature_min","°C",27.49
"2020-07-15T11:50:13.000Z","thermometer","temperature_min","°C",26.98
"2020-07-15T11:55:14.000Z","thermometer","temperature_min","°C",27.04
"2020-07-15T11:55:14.000Z","thermometer","temperature_min","°C",27.04
"2020-07-15T12:00:13.000Z","thermometer","temperature_min","°C",27.07
"2020-07-15T12:05:14.000Z","thermometer","temperature_min","°C",26.96
"2020-07-15T12:10:13.000Z","thermometer","temperature_min","°C",26.49
"2020-07-15T12:15:14.000Z","thermometer","temperature_min","°C",26.47
"2020-07-15T12:20:13.000Z","thermometer","temperature_min","°C",26.4
"2020-07-15T12:25:15.000Z","thermometer","temperature_min","°C",26.81
"2020-07-15T12:30:13.000Z","thermometer","temperature_min","°C",27.33
"2020-07-15T12:35:13.000Z","thermometer","temperature_min","°C",27.18
"2020-07-15T12:40:15.000Z","thermometer","temperature_min","°C",27.29
"2020-07-15T12:45:13.000Z","thermometer","temperature_min","°C",27.01
"2020-07-15T12:50:13.000Z","thermometer","temperature_min","°C",27.16
"2020-07-15T12:55:31.000Z","thermometer","temperature_min","°C",27.41
"2020-07-15T13:00:11.000Z","thermometer","temperature_min","°C",27
"2020-07-15T13:05:14.000Z","thermometer","temperature_min","°C",27.48
"2020-07-15T13:10:14.000Z","thermometer","temperature_min","°C",27.44
"2020-07-15T13:15:14.000Z","thermometer","temperature_min","°C",27.96
"2020-07-15T13:20:13.000Z","thermometer","temperature_min","°C",28.34
"2020-07-15T13:25:15.000Z","thermometer","temperature_min","°C",28.08
"2020-07-15T13:25:15.000Z","thermometer","temperature_min","°C",28.08
"2020-07-15T13:30:12.000Z","thermometer","temperature_min","°C",27.24
"2020-07-15T13:35:13.000Z","thermometer","temperature_min","°C",26.51
"2020-07-15T13:40:15.000Z","thermometer","temperature_min","°C",26.87
"2020-07-15T13:45:13.000Z","thermometer","temperature_min","°C",27.1
"2020-07-15T13:50:14.000Z","thermometer","temperature_min","°C",26.72
"2020-07-15T13:55:13.000Z","thermometer","temperature_min","°C",26.6
"2020-07-15T14:00:14.000Z","thermometer","temperature_min","°C",25.64
"2020-07-15T14:05:13.000Z","thermometer","temperature_min","°C",25.49
"2020-07-15T14:10:15.000Z","thermometer","temperature_min","°C",26
"2020-07-15T14:15:12.000Z","thermometer","temperature_min","°C",26.07
"2020-07-15T14:20:14.000Z","thermometer","temperature_min","°C",27.3
"2020-07-15T14:25:13.000Z","thermometer","temperature_min","°C",27.7
"2020-07-15T14:30:23.000Z","thermometer","temperature_min","°C",27.82
"2020-07-15T14:35:12.000Z","thermometer","temperature_min","°C",26.79
"2020-07-15T14:40:16.000Z","thermometer","temperature_min","°C",26.49
"2020-07-15T14:40:16.000Z","thermometer","temperature_min","°C",26.49
"2020-07-15T14:45:14.000Z","thermometer","temperature_min","°C",27.38
"2020-07-15T14:50:25.000Z","thermometer","temperature_min","°C",27.84
"2020-07-15T14:55:28.000Z","thermometer","temperature_min","°C",27.12
"2020-07-15T15:00:13.000Z","thermometer","temperature_min","°C",26.1
"2020-07-15T15:05:13.000Z","thermometer","temperature_min","°C",25.91
"2020-07-15T15:10:14.000Z","thermometer","temperature_min","°C",27.1
"2020-07-15T15:15:13.000Z","thermometer","temperature_min","°C",27.15
"2020-07-15T15:20:15.000Z","thermometer","temperature_min","°C",27.08
"2020-07-15T15:25:12.000Z","thermometer","temperature_min","°C",27.04
"2020-07-15T15:30:14.000Z","thermometer","temperature_min","°C",27.22
"2020-07-15T15:35:13.000Z","thermometer","temperature_min","°C",26.9
"2020-07-15T15:40:15.000Z","thermometer","temperature_min","°C",26.9
"2020-07-15T15:45:12.000Z","thermometer","temperature_min","°C",27.24
"2020-07-15T15:50:14.000Z","thermometer","temperature_min","°C",26.67
"2020-07-15T15:50:14.000Z","thermometer","temperature_min","°C",26.67
"2020-07-15T15:55:14.000Z","thermometer","temperature_min","°C",26.49
"2020-07-15T16:00:13.000Z","thermometer","temperature_min","°C",26.22
"2020-07-15T16:05:14.000Z","thermometer","temperature_min","°C",26.44
"2020-07-15T16:10:13.000Z","thermometer","temperature_min","°C",26.41
"2020-07-15T16:15:15.000Z","thermometer","temperature_min","°C",26.13
"2020-07-15T16:20:13.000Z","thermometer","temperature_min","°C",25.96
"2020-07-15T16:25:13.000Z","thermometer","temperature_min","°C",25.86
"2020-07-15T16:30:14.000Z","thermometer","temperature_min","°C",25.9
"2020-07-15T16:35:13.000Z","thermometer","temperature_min","°C",25.77
"2020-07-15T16:40:14.000Z","thermometer","temperature_min","°C",25.72
"2020-07-15T16:45:13.000Z","thermometer","temperature_min","°C",25.66
"2020-07-15T16:50:15.000Z","thermometer","temperature_min","°C",25.68
"2020-07-15T16:55:12.000Z","thermometer","temperature_min","°C",25.19
"2020-07-15T17:00:15.000Z","thermometer","temperature_min","°C",25.06
"2020-07-15T17:05:12.000Z","thermometer","temperature_min","°C",24.94
"2020-07-15T17:10:13.000Z","thermometer","temperature_min","°C",24.84
"2020-07-15T17:15:16.000Z","thermometer","temperature_min","°C",24.74
"2020-07-15T17:20:12.000Z","thermometer","temperature_min","°C",24.48
"2020-07-15T17:25:14.000Z","thermometer","temperature_min","°C",24.31
"2020-07-15T17:30:13.000Z","thermometer","temperature_min","°C",24.05
"2020-07-15T17:35:14.000Z","thermometer","temperature_min","°C",23.64
"2020-07-15T17:40:13.000Z","thermometer","temperature_min","°C",23.14
"2020-07-15T17:45:14.000Z","thermometer","temperature_min","°C",23.02
"2020-07-15T17:50:13.000Z","thermometer","temperature_min","°C",23.13
"2020-07-15T17:55:14.000Z","thermometer","temperature_min","°C",22.8
"2020-07-15T17:55:14.000Z","thermometer","temperature_min","°C",22.8
"2020-07-15T18:00:14.000Z","thermometer","temperature_min","°C",22.32
"2020-07-15T18:05:13.000Z","thermometer","temperature_min","°C",21.97
"2020-07-15T18:10:15.000Z","thermometer","temperature_min","°C",21.78
"2020-07-15T18:15:28.000Z","thermometer","temperature_min","°C",21.49
"2020-07-15T18:20:13.000Z","thermometer","temperature_min","°C",21.34
"2020-07-15T18:25:13.000Z","thermometer","temperature_min","°C",21.14
"2020-07-15T18:30:14.000Z","thermometer","temperature_min","°C",21
"2020-07-15T18:35:13.000Z","thermometer","temperature_min","°C",20.8
"2020-07-15T18:40:15.000Z","thermometer","temperature_min","°C",20.59
"2020-07-15T18:45:13.000Z","thermometer","temperature_min","°C",20.35
"2020-07-15T18:50:13.000Z","thermometer","temperature_min","°C",20.08
"2020-07-15T18:55:14.000Z","thermometer","temperature_min","°C",19.85
"2020-07-15T19:00:13.000Z","thermometer","temperature_min","°C",19.7
"2020-07-15T19:05:13.000Z","thermometer","temperature_min","°C",19.56
"2020-07-15T19:10:14.000Z","thermometer","temperature_min","°C",19.53
"2020-07-15T19:15:15.000Z","thermometer","temperature_min","°C",19.55
"2020-07-15T19:20:13.000Z","thermometer","temperature_min","°C",19.28
"2020-07-15T19:25:13.000Z","thermometer","temperature_min","°C",18.94
"2020-07-15T19:30:14.000Z","thermometer","temperature_min","°C",18.87
"2020-07-15T19:35:13.000Z","thermometer","temperature_min","°C",18.8
"2020-07-15T19:40:15.000Z","thermometer","temperature_min","°C",18.46
"2020-07-15T19:45:12.000Z","thermometer","temperature_min","°C",17.91
"2020-07-15T19:50:14.000Z","thermometer","temperature_min","°C",17.38
"2020-07-15T19:55:13.000Z","thermometer","temperature_min","°C",16.94
"2020-07-15T20:00:19.000Z","thermometer","temperature_min","°C",16.72
"2020-07-15T20:05:12.000Z","thermometer","temperature_min","°C",16.46
"2020-07-15T20:10:15.000Z","thermometer","temperature_min","°C",16.3
"2020-07-15T20:15:25.000Z","thermometer","temperature_min","°C",16.22
"2020-07-15T20:20:13.000Z","thermometer","temperature_min","°C",16.18
"2020-07-15T20:25:19.000Z","thermometer","temperature_min","°C",16.18
"2020-07-15T20:30:28.000Z","thermometer","temperature_min","°C",16.31
"2020-07-15T20:35:13.000Z","thermometer","temperature_min","°C",16.33
"2020-07-15T20:40:13.000Z","thermometer","temperature_min","°C",16.38
"2020-07-15T20:45:14.000Z","thermometer","temperature_min","°C",16.3
"2020-07-15T20:50:13.000Z","thermometer","temperature_min","°C",16.29
"2020-07-15T20:55:15.000Z","thermometer","temperature_min","°C",16.31
"2020-07-15T21:00:13.000Z","thermometer","temperature_min","°C",16.33
"2020-07-15T21:05:13.000Z","thermometer","temperature_min","°C",16.04
"2020-07-15T21:10:14.000Z","thermometer","temperature_min","°C",15.76
"2020-07-15T21:15:13.000Z","thermometer","temperature_min","°C",15.58
"2020-07-15T21:20:15.000Z","thermometer","temperature_min","°C",15.59
"2020-07-15T21:25:12.000Z","thermometer","temperature_min","°C",15.62
"2020-07-15T21:30:15.000Z","thermometer","temperature_min","°C",15.75
"2020-07-15T21:35:13.000Z","thermometer","temperature_min","°C",15.72
"2020-07-15T21:40:13.000Z","thermometer","temperature_min","°C",15.96
"2020-07-15T21:45:14.000Z","thermometer","temperature_min","°C",15.6
"2020-07-15T21:50:13.000Z","thermometer","temperature_min","°C",15.36
"2020-07-15T21:55:14.000Z","thermometer","temperature_min","°C",15.12
"2020-07-15T22:00:13.000Z","thermometer","temperature_min","°C",14.83
"2020-07-15T22:05:14.000Z","thermometer","temperature_min","°C",14.77
"2020-07-15T22:10:13.000Z","thermometer","temperature_min","°C",14.79
"2020-07-15T22:15:14.000Z","thermometer","temperature_min","°C",14.54
"2020-07-15T22:20:13.000Z","thermometer","temperature_min","°C",14.22
"2020-07-15T22:25:15.000Z","thermometer","temperature_min","°C",14.11
"2020-07-15T22:30:13.000Z","thermometer","temperature_min","°C",13.93
"2020-07-15T22:35:13.000Z","thermometer","temperature_min","°C",13.81
"2020-07-15T22:40:25.000Z","thermometer","temperature_min","°C",13.88
"2020-07-15T22:45:12.000Z","thermometer","temperature_min","°C",14.32
"2020-07-15T22:50:15.000Z","thermometer","temperature_min","°C",14.22
"2020-07-15T22:55:12.000Z","thermometer","temperature_min","°C",14.23
"2020-07-15T23:00:14.000Z","thermometer","temperature_min","°C",14.19
"2020-07-15T23:05:13.000Z","thermometer","temperature_min","°C",14.04
"2020-07-15T23:10:15.000Z","thermometer","temperature_min","°C",13.86
"2020-07-15T23:15:13.000Z","thermometer","temperature_min","°C",13.68
"2020-07-15T23:20:28.000Z","thermometer","temperature_min","°C",13.66
"2020-07-15T23:25:14.000Z","thermometer","temperature_min","°C",13.52
"2020-07-15T23:30:13.000Z","thermometer","temperature_min","°C",13.6
"2020-07-15T23:35:15.000Z","thermometer","temperature_min","°C",13.76
"2020-07-15T23:40:13.000Z","thermometer","temperature_min","°C",13.78
"2020-07-15T23:45:13.000Z","thermometer","temperature_min","°C",13.95
"2020-07-15T23:50:13.000Z","thermometer","temperature_min","°C",13.77
"2020-07-15T23:55:15.000Z","thermometer","temperature_min","°C",13.73
"2020-07-16T00:00:12.000Z","thermometer","temperature_min","°C",13.62
"2020-07-16T00:05:14.000Z","thermometer","temperature_min","°C",13.52
"2020-07-16T00:10:14.000Z","thermometer","temperature_min","°C",13.54
"2020-07-16T00:15:13.000Z","thermometer","temperature_min","°C",13.62
"2020-07-16T00:20:15.000Z","thermometer","temperature_min","°C",13.68
"2020-07-16T00:25:13.000Z","thermometer","temperature_min","°C",13.6
"2020-07-16T00:30:13.000Z","thermometer","temperature_min","°C",13.72
"2020-07-16T00:35:14.000Z","thermometer","temperature_min","°C",13.74
"2020-07-16T00:40:13.000Z","thermometer","temperature_min","°C",13.6
"2020-07-16T00:45:13.000Z","thermometer","temperature_min","°C",13.54
"2020-07-16T00:50:15.000Z","thermometer","temperature_min","°C",13.49
"2020-07-16T00:55:29.000Z","thermometer","temperature_min","°C",13.4
"2020-07-16T01:00:13.000Z","thermometer","temperature_min","°C",13.42
"2020-07-16T01:05:13.000Z","thermometer","temperature_min","°C",13.6
"2020-07-16T01:10:14.000Z","thermometer","temperature_min","°C",13.58
"2020-07-16T01:15:15.000Z","thermometer","temperature_min","°C",13.56
"2020-07-16T01:20:13.000Z","thermometer","temperature_min","°C",13.72
"2020-07-16T01:25:13.000Z","thermometer","temperature_min","°C",13.72
"2020-07-16T01:30:13.000Z","thermometer","temperature_min","°C",13.64
"2020-07-16T01:35:15.000Z","thermometer","temperature_min","°C",13.56
"2020-07-16T01:40:13.000Z","thermometer","temperature_min","°C",13.51
"2020-07-16T01:45:13.000Z","thermometer","temperature_min","°C",13.48
"2020-07-16T01:50:14.000Z","thermometer","temperature_min","°C",13.32
"2020-07-16T01:55:13.000Z","thermometer","temperature_min","°C",13.33
"2020-07-16T02:00:15.000Z","thermometer","temperature_min","°C",13.41
"2020-07-16T02:05:13.000Z","thermometer","temperature_min","°C",13.39
"2020-07-16T02:10:13.000Z","thermometer","temperature_min","°C",13.3
"2020-07-16T02:15:13.000Z","thermometer","temperature_min","°C",13.3
"2020-07-16T02:20:14.000Z","thermometer","temperature_min","°C",13.36
"2020-07-16T02:25:14.000Z","thermometer","temperature_min","°C",13.34
"2020-07-16T02:30:13.000Z","thermometer","temperature_min","°C",13.34
"2020-07-16T02:35:14.000Z","thermometer","temperature_min","°C",13.34
"2020-07-16T02:40:13.000Z","thermometer","temperature_min","°C",13.36
"2020-07-16T02:45:15.000Z","thermometer","temperature_min","°C",13.3
"2020-07-16T02:50:13.000Z","thermometer","temperature_min","°C",13.26
"2020-07-16T02:55:13.000Z","thermometer","temperature_min","°C",13.2
"2020-07-16T03:00:14.000Z","thermometer","temperature_min","°C",12.98
"2020-07-16T03:05:13.000Z","thermometer","temperature_min","°C",12.78
"2020-07-16T03:10:15.000Z","thermometer","temperature_min","°C",12.6
"2020-07-16T03:15:12.000Z","thermometer","temperature_min","°C",12.46
"2020-07-16T03:20:14.000Z","thermometer","temperature_min","°C",12.38
"2020-07-16T03:25:13.000Z","thermometer","temperature_min","°C",12.3
"2020-07-16T03:30:13.000Z","thermometer","temperature_min","°C",12.28
"2020-07-16T03:35:31.000Z","thermometer","temperature_min","°C",12.44
"2020-07-16T03:40:13.000Z","thermometer","temperature_min","°C",12.87
"2020-07-16T03:45:14.000Z","thermometer","temperature_min","°C",13
"2020-07-16T03:50:13.000Z","thermometer","temperature_min","°C",13.08
"2020-07-16T03:55:13.000Z","thermometer","temperature_min","°C",13.22
"2020-07-16T04:00:15.000Z","thermometer","temperature_min","°C",13.16
"2020-07-16T04:05:13.000Z","thermometer","temperature_min","°C",13.14
"2020-07-16T04:10:13.000Z","thermometer","temperature_min","°C",13.19
"2020-07-16T04:15:14.000Z","thermometer","temperature_min","°C",13.43
"2020-07-16T04:20:14.000Z","thermometer","temperature_min","°C",13.54
"2020-07-16T04:25:13.000Z","thermometer","temperature_min","°C",13.81
"2020-07-16T04:30:14.000Z","thermometer","temperature_min","°C",13.98
"2020-07-16T04:35:14.000Z","thermometer","temperature_min","°C",14.14
"2020-07-16T04:40:13.000Z","thermometer","temperature_min","°C",14.36
"2020-07-16T04:45:15.000Z","thermometer","temperature_min","°C",14.63
"2020-07-16T04:50:12.000Z","thermometer","temperature_min","°C",15.32
"2020-07-16T04:55:15.000Z","thermometer","temperature_min","°C",15.69
"2020-07-16T05:00:13.000Z","thermometer","temperature_min","°C",15.65
"2020-07-16T05:05:13.000Z","thermometer","temperature_min","°C",16.04
"2020-07-16T05:10:14.000Z","thermometer","temperature_min","°C",15.89
"2020-07-16T05:15:13.000Z","thermometer","temperature_min","°C",16.47
"2020-07-16T05:20:31.000Z","thermometer","temperature_min","°C",16.52
"2020-07-16T05:25:12.000Z","thermometer","temperature_min","°C",16.72
"2020-07-16T05:30:14.000Z","thermometer","temperature_min","°C",17.24
"2020-07-16T05:35:13.000Z","thermometer","temperature_min","°C",17.92
"2020-07-16T05:45:14.000Z","thermometer","temperature_min","°C",18.6
"2020-07-16T05:50:13.000Z","thermometer","temperature_min","°C",18.72
"2020-07-16T05:55:14.000Z","thermometer","temperature_min","°C",19.35
"2020-07-16T06:00:13.000Z","thermometer","temperature_min","°C",19.48
"2020-07-16T06:05:14.000Z","thermometer","temperature_min","°C",19.75
"2020-07-16T06:10:13.000Z","thermometer","temperature_min","°C",19.91
"2020-07-16T06:15:14.000Z","thermometer","temperature_min","°C",20.22
"2020-07-16T06:20:13.000Z","thermometer","temperature_min","°C",20.5
"2020-07-16T06:25:15.000Z","thermometer","temperature_min","°C",21.24
"2020-07-16T06:30:18.000Z","thermometer","temperature_min","°C",21.68
"2020-07-16T06:35:12.000Z","thermometer","temperature_min","°C",22.3
"2020-07-16T06:40:19.000Z","thermometer","temperature_min","°C",22.33
"2020-07-16T06:45:15.000Z","thermometer","temperature_min","°C",22.19
"2020-07-16T06:50:13.000Z","thermometer","temperature_min","°C",22.44
"2020-07-16T06:55:13.000Z","thermometer","temperature_min","°C",22.76
"2020-07-16T07:00:15.000Z","thermometer","temperature_min","°C",22.83
"2020-07-16T07:05:13.000Z","thermometer","temperature_min","°C",22.51
"2020-07-16T07:10:13.000Z","thermometer","temperature_min","°C",22.47
"2020-07-16T07:15:14.000Z","thermometer","temperature_min","°C",22.88
"2020-07-16T07:20:28.000Z","thermometer","temperature_min","°C",22.9
"2020-07-16T07:25:14.000Z","thermometer","temperature_min","°C",23.16
"2020-07-16T07:30:13.000Z","thermometer","temperature_min","°C",23.57
"2020-07-16T07:35:14.000Z","thermometer","temperature_min","°C",23.59
"2020-07-16T07:40:13.000Z","thermometer","temperature_min","°C",23.43
"2020-07-16T07:45:15.000Z","thermometer","temperature_min","°C",23.67
"2020-07-16T07:50:13.000Z","thermometer","temperature_min","°C",24.06
"2020-07-16T07:55:13.000Z","thermometer","temperature_min","°C",24.21
"2020-07-16T08:00:14.000Z","thermometer","temperature_min","°C",24.32
"2020-07-16T08:05:13.000Z","thermometer","temperature_min","°C",24.74
"2020-07-16T08:10:15.000Z","thermometer","temperature_min","°C",24.83
"2020-07-16T08:15:12.000Z","thermometer","temperature_min","°C",25.03
"2020-07-16T08:20:14.000Z","thermometer","temperature_min","°C",25.38
"2020-07-16T08:25:13.000Z","thermometer","temperature_min","°C",25.49
"2020-07-16T08:25:13.000Z","thermometer","temperature_min","°C",25.49
"2020-07-16T08:30:14.000Z","thermometer","temperature_min","°C",26.37
"2020-07-16T08:35:13.000Z","thermometer","temperature_min","°C",25.82
"2020-07-16T08:40:14.000Z","thermometer","temperature_min","°C",26.09
"2020-07-16T08:45:14.000Z","thermometer","temperature_min","°C",25.89
"2020-07-16T08:50:13.000Z","thermometer","temperature_min","°C",25.91
"2020-07-16T08:55:15.000Z","thermometer","temperature_min","°C",26.28
"2020-07-16T09:00:12.000Z","thermometer","temperature_min","°C",26.2
"2020-07-16T09:05:15.000Z","thermometer","temperature_min","°C",26.22
"2020-07-16T09:10:12.000Z","thermometer","temperature_min","°C",26.24
"2020-07-16T09:15:14.000Z","thermometer","temperature_min","°C",26.6
"2020-07-16T09:20:13.000Z","thermometer","temperature_min","°C",26.88
"2020-07-16T09:25:15.000Z","thermometer","temperature_min","°C",26.83
"2020-07-16T09:30:13.000Z","thermometer","temperature_min","°C",26.3
"2020-07-16T09:35:13.000Z","thermometer","temperature_min","°C",26.78
"2020-07-16T09:40:15.000Z","thermometer","temperature_min","°C",26.9
"2020-07-16T09:45:28.000Z","thermometer","temperature_min","°C",26.86
"2020-07-16T09:50:13.000Z","thermometer","temperature_min","°C",27.53
"2020-07-16T09:55:14.000Z","thermometer","temperature_min","°C",27.66
"2020-07-16T10:00:13.000Z","thermometer","temperature_min","°C",27.51
"2020-07-16T10:05:14.000Z","thermometer","temperature_min","°C",27.27
"2020-07-16T10:10:13.000Z","thermometer","temperature_min","°C",26.06
"2020-07-16T10:15:14.000Z","thermometer","temperature_min","°C",26.66
"2020-07-16T10:20:13.000Z","thermometer","temperature_min","°C",27.44
"2020-07-16T10:25:15.000Z","thermometer","temperature_min","°C",28.46
"2020-07-16T10:30:12.000Z","thermometer","temperature_min","°C",27.1
"2020-07-16T10:35:15.000Z","thermometer","temperature_min","°C",26.08
"2020-07-16T10:40:13.000Z","thermometer","temperature_min","°C",25.92
"2020-07-16T10:45:13.000Z","thermometer","temperature_min","°C",26.46
"2020-07-16T10:50:14.000Z","thermometer","temperature_min","°C",27.84
"2020-07-16T10:55:13.000Z","thermometer","temperature_min","°C",28.02
"2020-07-16T11:00:15.000Z","thermometer","temperature_min","°C",27.68
"2020-07-16T11:05:12.000Z","thermometer","temperature_min","°C",28.66
"2020-07-16T11:10:13.000Z","thermometer","temperature_min","°C",28.39
"2020-07-16T11:15:14.000Z","thermometer","temperature_min","°C",28
"2020-07-16T11:20:13.000Z","thermometer","temperature_min","°C",27.72
"2020-07-16T11:25:15.000Z","thermometer","temperature_min","°C",27.6
"2020-07-16T11:30:13.000Z","thermometer","temperature_min","°C",28.14
"2020-07-16T11:35:14.000Z","thermometer","temperature_min","°C",27.16
"2020-07-16T11:40:13.000Z","thermometer","temperature_min","°C",26.72
"2020-07-16T11:45:14.000Z","thermometer","temperature_min","°C",26.56
"2020-07-16T11:50:13.000Z","thermometer","temperature_min","°C",26.43
"2020-07-16T11:55:14.000Z","thermometer","temperature_min","°C",26.25
"2020-07-16T12:00:13.000Z","thermometer","temperature_min","°C",26.47
"2020-07-16T12:05:14.000Z","thermometer","temperature_min","°C",27.3
"2020-07-16T12:10:13.000Z","thermometer","temperature_min","°C",28.68
"2020-07-16T12:15:14.000Z","thermometer","temperature_min","°C",28.44
"2020-07-16T12:15:14.000Z","thermometer","temperature_min","°C",28.44
"2020-07-16T12:20:14.000Z","thermometer","temperature_min","°C",28.33
"2020-07-16T12:25:13.000Z","thermometer","temperature_min","°C",29.11
"2020-07-16T12:30:14.000Z","thermometer","temperature_min","°C",29.24
"2020-07-16T12:35:13.000Z","thermometer","temperature_min","°C",29.83
"2020-07-16T12:40:13.000Z","thermometer","temperature_min","°C",29.15
"2020-07-16T12:45:16.000Z","thermometer","temperature_min","°C",29.86
"2020-07-16T12:50:11.000Z","thermometer","temperature_min","°C",29.84
"2020-07-16T12:55:15.000Z","thermometer","temperature_min","°C",28.53
"2020-07-16T13:00:13.000Z","thermometer","temperature_min","°C",28.5
"2020-07-16T13:05:14.000Z","thermometer","temperature_min","°C",27.09
"2020-07-16T13:10:13.000Z","thermometer","temperature_min","°C",27.32
"2020-07-16T13:20:13.000Z","thermometer","temperature_min","°C",26.78
"2020-07-16T13:25:15.000Z","thermometer","temperature_min","°C",27.17
"2020-07-16T13:30:12.000Z","thermometer","temperature_min","°C",27.15
"2020-07-16T13:35:17.000Z","thermometer","temperature_min","°C",26.95
"2020-07-16T13:40:13.000Z","thermometer","temperature_min","°C",25.96
"2020-07-16T13:50:28.000Z","thermometer","temperature_min","°C",25.56
"2020-07-16T13:55:15.000Z","thermometer","temperature_min","°C",25.43
"2020-07-16T14:00:13.000Z","thermometer","temperature_min","°C",24.96
"2020-07-16T14:05:13.000Z","thermometer","temperature_min","°C",24.92
"2020-07-16T14:10:15.000Z","thermometer","temperature_min","°C",24.92
"2020-07-16T14:15:13.000Z","thermometer","temperature_min","°C",24.88
"2020-07-16T14:20:13.000Z","thermometer","temperature_min","°C",24.84
"2020-07-16T14:25:14.000Z","thermometer","temperature_min","°C",24.85
"2020-07-16T14:30:13.000Z","thermometer","temperature_min","°C",24.53
"2020-07-16T14:35:14.000Z","thermometer","temperature_min","°C",24.52
"2020-07-16T14:40:13.000Z","thermometer","temperature_min","°C",24.28
"2020-07-16T14:45:15.000Z","thermometer","temperature_min","°C",24.28
"2020-07-16T14:50:13.000Z","thermometer","temperature_min","°C",24.12
"2020-07-16T14:55:12.000Z","thermometer","temperature_min","°C",23.84
"2020-07-16T15:00:15.000Z","thermometer","temperature_min","°C",23.91
"2020-07-16T15:05:13.000Z","thermometer","temperature_min","°C",23.61
"2020-07-16T15:10:14.000Z","thermometer","temperature_min","°C",23.2
"2020-07-16T15:15:13.000Z","thermometer","temperature_min","°C",22.92
"2020-07-16T15:20:13.000Z","thermometer","temperature_min","°C",22.69
"2020-07-16T15:25:14.000Z","thermometer","temperature_min","°C",22.55
"2020-07-16T15:30:14.000Z","thermometer","temperature_min","°C",22.26
"2020-07-16T15:35:13.000Z","thermometer","temperature_min","°C",22.04
"2020-07-16T15:40:15.000Z","thermometer","temperature_min","°C",21.96
"2020-07-16T15:45:13.000Z","thermometer","temperature_min","°C",21.88
"2020-07-16T15:50:13.000Z","thermometer","temperature_min","°C",21.87
"2020-07-16T15:55:14.000Z","thermometer","temperature_min","°C",21.86
"2020-07-16T16:00:13.000Z","thermometer","temperature_min","°C",21.77
"2020-07-16T16:05:14.000Z","thermometer","temperature_min","°C",21.87
"2020-07-16T16:10:13.000Z","thermometer","temperature_min","°C",21.92
"2020-07-16T16:15:14.000Z","thermometer","temperature_min","°C",21.82
"2020-07-16T16:20:14.000Z","thermometer","temperature_min","°C",22.02
"2020-07-16T16:25:13.000Z","thermometer","temperature_min","°C",22.13
"2020-07-16T16:30:13.000Z","thermometer","temperature_min","°C",22.31
"2020-07-16T16:35:15.000Z","thermometer","temperature_min","°C",22.41
"2020-07-16T16:40:13.000Z","thermometer","temperature_min","°C",22.55
"2020-07-16T16:45:13.000Z","thermometer","temperature_min","°C",22.42
"2020-07-16T16:50:14.000Z","thermometer","temperature_min","°C",22.38
"2020-07-16T16:55:14.000Z","thermometer","temperature_min","°C",22.45
"2020-07-16T17:00:13.000Z","thermometer","temperature_min","°C",22.46
"2020-07-16T17:05:13.000Z","thermometer","temperature_min","°C",22.44
"2020-07-16T17:10:14.000Z","thermometer","temperature_min","°C",22.48
"2020-07-16T17:15:14.000Z","thermometer","temperature_min","°C",22.53
"2020-07-16T17:20:13.000Z","thermometer","temperature_min","°C",22.52
"2020-07-16T17:25:14.000Z","thermometer","temperature_min","°C",22.91
"2020-07-16T17:30:13.000Z","thermometer","temperature_min","°C",23
"2020-07-16T17:35:28.000Z","thermometer","temperature_min","°C",23.49
"2020-07-16T17:40:15.000Z","thermometer","temperature_min","°C",23.56
"2020-07-16T17:45:13.000Z","thermometer","temperature_min","°C",23.3
"2020-07-16T17:50:13.000Z","thermometer","temperature_min","°C",23.02
"2020-07-16T17:55:14.000Z","thermometer","temperature_min","°C",22.95
"2020-07-16T18:00:14.000Z","thermometer","temperature_min","°C",22.74
"2020-07-16T18:05:13.000Z","thermometer","temperature_min","°C",22.69
"2020-07-16T18:10:15.000Z","thermometer","temperature_min","°C",22.72
"2020-07-16T18:15:12.000Z","thermometer","temperature_min","°C",22.52
"2020-07-16T18:20:15.000Z","thermometer","temperature_min","°C",22.31
"2020-07-16T18:25:13.000Z","thermometer","temperature_min","°C",22.1
"2020-07-16T18:30:13.000Z","thermometer","temperature_min","°C",21.82
"2020-07-16T18:35:13.000Z","thermometer","temperature_min","°C",21.45
"2020-07-16T18:45:14.000Z","thermometer","temperature_min","°C",20.81
"2020-07-16T18:50:13.000Z","thermometer","temperature_min","°C",20.36
"2020-07-16T18:55:14.000Z","thermometer","temperature_min","°C",20.22
"2020-07-16T19:00:13.000Z","thermometer","temperature_min","°C",20.1
"2020-07-16T19:05:14.000Z","thermometer","temperature_min","°C",19.91
"2020-07-16T19:10:13.000Z","thermometer","temperature_min","°C",19.66
"2020-07-16T19:15:15.000Z","thermometer","temperature_min","°C",19.4
"2020-07-16T19:20:13.000Z","thermometer","temperature_min","°C",19.4
"2020-07-16T19:25:13.000Z","thermometer","temperature_min","°C",19.43
"2020-07-16T19:30:14.000Z","thermometer","temperature_min","°C",19.19
"2020-07-16T19:35:13.000Z","thermometer","temperature_min","°C",18.96
"2020-07-16T19:40:13.000Z","thermometer","temperature_min","°C",18.8
"2020-07-16T19:45:31.000Z","thermometer","temperature_min","°C",18.66
"2020-07-16T19:50:13.000Z","thermometer","temperature_min","°C",18.58
"2020-07-16T19:55:13.000Z","thermometer","temperature_min","°C",18.59
"2020-07-16T20:00:15.000Z","thermometer","temperature_min","°C",18.56
"2020-07-16T20:05:13.000Z","thermometer","temperature_min","°C",18.32
"2020-07-16T20:10:13.000Z","thermometer","temperature_min","°C",18.11
"2020-07-16T20:15:20.000Z","thermometer","temperature_min","°C",18.03
"2020-07-16T20:20:13.000Z","thermometer","temperature_min","°C",18.06
"2020-07-16T20:25:14.000Z","thermometer","temperature_min","°C",17.96
"2020-07-16T20:30:31.000Z","thermometer","temperature_min","°C",17.84
"2020-07-16T20:35:12.000Z","thermometer","temperature_min","°C",17.72
"2020-07-16T20:40:13.000Z","thermometer","temperature_min","°C",17.56
"2020-07-16T20:45:14.000Z","thermometer","temperature_min","°C",17.46
"2020-07-16T20:50:14.000Z","thermometer","temperature_min","°C",17.38
"2020-07-16T20:55:13.000Z","thermometer","temperature_min","°C",17.26
"2020-07-16T21:00:27.000Z","thermometer","temperature_min","°C",17.15
"2020-07-16T21:05:12.000Z","thermometer","temperature_min","°C",17.06
"2020-07-16T21:10:14.000Z","thermometer","temperature_min","°C",17.04
"2020-07-16T21:15:13.000Z","thermometer","temperature_min","°C",16.94
"2020-07-16T21:20:14.000Z","thermometer","temperature_min","°C",16.93
"2020-07-16T21:25:13.000Z","thermometer","temperature_min","°C",16.92
"2020-07-16T21:30:15.000Z","thermometer","temperature_min","°C",16.91
"2020-07-16T21:35:13.000Z","thermometer","temperature_min","°C",16.82
"2020-07-16T21:40:13.000Z","thermometer","temperature_min","°C",16.9
"2020-07-16T21:45:15.000Z","thermometer","temperature_min","°C",16.93
"2020-07-16T21:50:28.000Z","thermometer","temperature_min","°C",16.92
"2020-07-16T21:55:13.000Z","thermometer","temperature_min","°C",16.98
"2020-07-16T22:00:13.000Z","thermometer","temperature_min","°C",17.11
"2020-07-16T22:05:15.000Z","thermometer","temperature_min","°C",17.07
"2020-07-16T22:10:13.000Z","thermometer","temperature_min","°C",16.98
"2020-07-16T22:15:13.000Z","thermometer","temperature_min","°C",16.84
"2020-07-16T22:20:14.000Z","thermometer","temperature_min","°C",16.76
"2020-07-16T22:25:13.000Z","thermometer","temperature_min","°C",16.71
"2020-07-16T22:30:14.000Z","thermometer","temperature_min","°C",16.54
"2020-07-16T22:35:13.000Z","thermometer","temperature_min","°C",16.5
"2020-07-16T22:40:14.000Z","thermometer","temperature_min","°C",16.4
"2020-07-16T22:45:13.000Z","thermometer","temperature_min","°C",16.24
"2020-07-16T22:50:15.000Z","thermometer","temperature_min","°C",16.04
"2020-07-16T22:55:12.000Z","thermometer","temperature_min","°C",15.88
"2020-07-16T23:00:14.000Z","thermometer","temperature_min","°C",15.74
"2020-07-16T23:05:14.000Z","thermometer","temperature_min","°C",15.6
"2020-07-16T23:10:13.000Z","thermometer","temperature_min","°C",15.58
"2020-07-16T23:15:16.000Z","thermometer","temperature_min","°C",15.52
"2020-07-16T23:20:13.000Z","thermometer","temperature_min","°C",15.48
"2020-07-16T23:25:15.000Z","thermometer","temperature_min","°C",15.43
"2020-07-16T23:30:12.000Z","thermometer","temperature_min","°C",15.33
"2020-07-16T23:35:15.000Z","thermometer","temperature_min","°C",15.12
"2020-07-16T23:40:13.000Z","thermometer","temperature_min","°C",15.1
"2020-07-16T23:45:13.000Z","thermometer","temperature_min","°C",15.02
"2020-07-16T23:50:14.000Z","thermometer","temperature_min","°C",14.99
"2020-07-16T23:55:13.000Z","thermometer","temperature_min","°C",14.96
"2020-07-17T00:00:15.000Z","thermometer","temperature_min","°C",15.03
"2020-07-17T00:05:12.000Z","thermometer","temperature_min","°C",15.27
"2020-07-17T00:10:14.000Z","thermometer","temperature_min","°C",15.23
"2020-07-17T00:15:13.000Z","thermometer","temperature_min","°C",15.17
"2020-07-17T00:20:14.000Z","thermometer","temperature_min","°C",15.16
"2020-07-17T00:25:13.000Z","thermometer","temperature_min","°C",15.18
"2020-07-17T00:30:14.000Z","thermometer","temperature_min","°C",15.16
"2020-07-17T00:35:14.000Z","thermometer","temperature_min","°C",15.07
"2020-07-17T00:40:13.000Z","thermometer","temperature_min","°C",15.05
"2020-07-17T00:45:14.000Z","thermometer","temperature_min","°C",15
"2020-07-17T00:50:13.000Z","thermometer","temperature_min","°C",14.94
"2020-07-17T00:55:15.000Z","thermometer","temperature_min","°C",14.84
"2020-07-17T01:00:28.000Z","thermometer","temperature_min","°C",14.76
"2020-07-17T01:05:13.000Z","thermometer","temperature_min","°C",14.71
"2020-07-17T01:10:14.000Z","thermometer","temperature_min","°C",14.74
"2020-07-17T01:15:13.000Z","thermometer","temperature_min","°C",14.73
"2020-07-17T01:20:14.000Z","thermometer","temperature_min","°C",14.61
"2020-07-17T01:25:13.000Z","thermometer","temperature_min","°C",14.54
"2020-07-17T01:30:14.000Z","thermometer","temperature_min","°C",14.52
"2020-07-17T01:35:13.000Z","thermometer","temperature_min","°C",14.34
"2020-07-17T01:40:14.000Z","thermometer","temperature_min","°C",14.19
"2020-07-17T01:45:13.000Z","thermometer","temperature_min","°C",14.08
"2020-07-17T01:50:14.000Z","thermometer","temperature_min","°C",14.01
"2020-07-17T01:55:13.000Z","thermometer","temperature_min","°C",13.91
"2020-07-17T02:00:14.000Z","thermometer","temperature_min","°C",13.83
"2020-07-17T02:05:14.000Z","thermometer","temperature_min","°C",13.82
"2020-07-17T02:10:13.000Z","thermometer","temperature_min","°C",13.74
"2020-07-17T02:15:14.000Z","thermometer","temperature_min","°C",13.66
"2020-07-17T02:20:13.000Z","thermometer","temperature_min","°C",13.64
"2020-07-17T02:25:14.000Z","thermometer","temperature_min","°C",13.58
"2020-07-17T02:30:13.000Z","thermometer","temperature_min","°C",13.58
"2020-07-17T02:35:15.000Z","thermometer","temperature_min","°C",13.67
"2020-07-17T02:40:13.000Z","thermometer","temperature_min","°C",13.69
"2020-07-17T02:40:13.000Z","thermometer","temperature_min","°C",13.69
"2020-07-17T02:45:13.000Z","thermometer","temperature_min","°C",13.7
"2020-07-17T02:50:14.000Z","thermometer","temperature_min","°C",13.85
"2020-07-17T02:55:13.000Z","thermometer","temperature_min","°C",13.95
"2020-07-17T03:00:14.000Z","thermometer","temperature_min","°C",13.86
"2020-07-17T03:05:13.000Z","thermometer","temperature_min","°C",13.88
"2020-07-17T03:10:14.000Z","thermometer","temperature_min","°C",13.94
"2020-07-17T03:15:13.000Z","thermometer","temperature_min","°C",13.97
"2020-07-17T03:20:14.000Z","thermometer","temperature_min","°C",14.11
"2020-07-17T03:25:13.000Z","thermometer","temperature_min","°C",14.48
"2020-07-17T03:30:14.000Z","thermometer","temperature_min","°C",14.45
"2020-07-17T03:35:13.000Z","thermometer","temperature_min","°C",14.36
"2020-07-17T03:40:14.000Z","thermometer","temperature_min","°C",14.32
"2020-07-17T03:45:14.000Z","thermometer","temperature_min","°C",14.35
"2020-07-17T03:50:13.000Z","thermometer","temperature_min","°C",14.3
"2020-07-17T03:55:13.000Z","thermometer","temperature_min","°C",14.24
"2020-07-17T04:00:14.000Z","thermometer","temperature_min","°C",14.28
"2020-07-17T04:05:14.000Z","thermometer","temperature_min","°C",14.36
"2020-07-17T04:10:13.000Z","thermometer","temperature_min","°C",14.32
"2020-07-17T04:15:14.000Z","thermometer","temperature_min","°C",14.39
"2020-07-17T04:20:14.000Z","thermometer","temperature_min","°C",14.42
"2020-07-17T04:25:13.000Z","thermometer","temperature_min","°C",14.62
"2020-07-17T04:30:14.000Z","thermometer","temperature_min","°C",14.78
"2020-07-17T04:35:14.000Z","thermometer","temperature_min","°C",15.01
"2020-07-17T04:40:20.000Z","thermometer","temperature_min","°C",15.18
"2020-07-17T04:45:14.000Z","thermometer","temperature_min","°C",15.51
"2020-07-17T04:50:15.000Z","thermometer","temperature_min","°C",15.73
"2020-07-17T04:55:13.000Z","thermometer","temperature_min","°C",15.96
"2020-07-17T05:00:13.000Z","thermometer","temperature_min","°C",16.58
"2020-07-17T05:05:14.000Z","thermometer","temperature_min","°C",17.18
"2020-07-17T05:10:14.000Z","thermometer","temperature_min","°C",17.54
"2020-07-17T05:15:13.000Z","thermometer","temperature_min","°C",17.87
"2020-07-17T05:20:28.000Z","thermometer","temperature_min","°C",18.58
"2020-07-17T05:25:15.000Z","thermometer","temperature_min","°C",18.55
"2020-07-17T05:30:13.000Z","thermometer","temperature_min","°C",18.63
"2020-07-17T05:35:13.000Z","thermometer","temperature_min","°C",18.66
"2020-07-17T05:40:14.000Z","thermometer","temperature_min","°C",19.09
"2020-07-17T05:45:14.000Z","thermometer","temperature_min","°C",19.56
"2020-07-17T05:50:13.000Z","thermometer","temperature_min","°C",19.78
"2020-07-17T05:55:14.000Z","thermometer","temperature_min","°C",20.12
"2020-07-17T06:00:13.000Z","thermometer","temperature_min","°C",20.49
"2020-07-17T06:05:14.000Z","thermometer","temperature_min","°C",20.89
"2020-07-17T06:10:13.000Z","thermometer","temperature_min","°C",21.16
"2020-07-17T06:15:14.000Z","thermometer","temperature_min","°C",21.44
"2020-07-17T06:20:14.000Z","thermometer","temperature_min","°C",22.18
"2020-07-17T06:25:22.000Z","thermometer","temperature_min","°C",22.43
"2020-07-17T06:30:13.000Z","thermometer","temperature_min","°C",22.6
"2020-07-17T06:35:13.000Z","thermometer","temperature_min","°C",23.04
"2020-07-17T06:40:14.000Z","thermometer","temperature_min","°C",23.21
"2020-07-17T06:45:13.000Z","thermometer","temperature_min","°C",23.6
"2020-07-17T06:50:31.000Z","thermometer","temperature_min","°C",23.9
"2020-07-17T06:55:12.000Z","thermometer","temperature_min","°C",24.2
"2020-07-17T07:00:14.000Z","thermometer","temperature_min","°C",23.44
"2020-07-17T07:05:14.000Z","thermometer","temperature_min","°C",23.36
"2020-07-17T07:10:13.000Z","thermometer","temperature_min","°C",24.12
"2020-07-17T07:15:15.000Z","thermometer","temperature_min","°C",24.07
"2020-07-17T07:20:12.000Z","thermometer","temperature_min","°C",24.02
"2020-07-17T07:30:12.000Z","thermometer","temperature_min","°C",24.38
"2020-07-17T07:35:15.000Z","thermometer","temperature_min","°C",24.37
"2020-07-17T07:40:13.000Z","thermometer","temperature_min","°C",24.97
"2020-07-17T07:45:13.000Z","thermometer","temperature_min","°C",25.31
"2020-07-17T07:50:14.000Z","thermometer","temperature_min","°C",25.5
"2020-07-17T07:55:13.000Z","thermometer","temperature_min","°C",25.62
"2020-07-17T08:00:15.000Z","thermometer","temperature_min","°C",25.54
"2020-07-17T08:05:12.000Z","thermometer","temperature_min","°C",25.24
"2020-07-17T08:10:15.000Z","thermometer","temperature_min","°C",25.88
"2020-07-17T08:15:28.000Z","thermometer","temperature_min","°C",26.37
"2020-07-17T08:20:13.000Z","thermometer","temperature_min","°C",26.46
"2020-07-17T08:25:14.000Z","thermometer","temperature_min","°C",26.7
"2020-07-17T08:30:13.000Z","thermometer","temperature_min","°C",27.15
"2020-07-17T08:35:14.000Z","thermometer","temperature_min","°C",26.62
"2020-07-17T08:40:13.000Z","thermometer","temperature_min","°C",26.71
"2020-07-17T08:45:15.000Z","thermometer","temperature_min","°C",26.92
"2020-07-17T08:50:12.000Z","thermometer","temperature_min","°C",26.99
"2020-07-17T08:55:14.000Z","thermometer","temperature_min","°C",26.97
"2020-07-17T09:00:13.000Z","thermometer","temperature_min","°C",27.48
"2020-07-17T09:05:15.000Z","thermometer","temperature_min","°C",28.16
"2020-07-17T09:10:13.000Z","thermometer","temperature_min","°C",27.89
"2020-07-17T09:20:15.000Z","thermometer","temperature_min","°C",27.75
"2020-07-17T09:25:12.000Z","thermometer","temperature_min","°C",27.7
"2020-07-17T09:30:14.000Z","thermometer","temperature_min","°C",28.3
"2020-07-17T09:35:13.000Z","thermometer","temperature_min","°C",27.97
"2020-07-17T09:40:14.000Z","thermometer","temperature_min","°C",27.36
"2020-07-17T09:45:13.000Z","thermometer","temperature_min","°C",27.95
"2020-07-17T09:50:15.000Z","thermometer","temperature_min","°C",28.5
"2020-07-17T09:55:13.000Z","thermometer","temperature_min","°C",27.67
"2020-07-17T10:00:13.000Z","thermometer","temperature_min","°C",26.95
"2020-07-17T10:05:13.000Z","thermometer","temperature_min","°C",26.98
"2020-07-17T10:10:14.000Z","thermometer","temperature_min","°C",26.28
"2020-07-17T10:15:14.000Z","thermometer","temperature_min","°C",26.46
"2020-07-17T10:15:14.000Z","thermometer","temperature_min","°C",26.46
"2020-07-17T10:20:27.000Z","thermometer","temperature_min","°C",27.12
"2020-07-17T10:25:12.000Z","thermometer","temperature_min","°C",26.65
"2020-07-17T10:30:31.000Z","thermometer","temperature_min","°C",27.19
"2020-07-17T10:35:13.000Z","thermometer","temperature_min","°C",28.26
"2020-07-17T10:40:13.000Z","thermometer","temperature_min","°C",28.89
"2020-07-17T10:45:13.000Z","thermometer","temperature_min","°C",29.02
"2020-07-17T10:50:15.000Z","thermometer","temperature_min","°C",28.8
"2020-07-17T10:55:12.000Z","thermometer","temperature_min","°C",27.86
"2020-07-17T11:00:14.000Z","thermometer","temperature_min","°C",28.01
"2020-07-17T11:05:13.000Z","thermometer","temperature_min","°C",28.74
"2020-07-17T11:15:13.000Z","thermometer","temperature_min","°C",29.78
"2020-07-17T11:20:13.000Z","thermometer","temperature_min","°C",29.47
"2020-07-17T11:25:13.000Z","thermometer","temperature_min","°C",29.5
"2020-07-17T11:30:14.000Z","thermometer","temperature_min","°C",29.8
"2020-07-17T11:35:14.000Z","thermometer","temperature_min","°C",28.53
"2020-07-17T11:40:13.000Z","thermometer","temperature_min","°C",28.77
"2020-07-17T11:45:15.000Z","thermometer","temperature_min","°C",28.96
"2020-07-17T11:50:12.000Z","thermometer","temperature_min","°C",29.69
"2020-07-17T11:55:13.000Z","thermometer","temperature_min","°C",28.84
"2020-07-17T12:00:14.000Z","thermometer","temperature_min","°C",28.3
"2020-07-17T12:00:14.000Z","thermometer","temperature_min","°C",28.3
"2020-07-17T12:05:14.000Z","thermometer","temperature_min","°C",28.18
"2020-07-17T12:10:14.000Z","thermometer","temperature_min","°C",27.85
"2020-07-17T12:15:13.000Z","thermometer","temperature_min","°C",27.87
"2020-07-17T12:20:15.000Z","thermometer","temperature_min","°C",27.7
"2020-07-17T12:25:12.000Z","thermometer","temperature_min","°C",27.43
"2020-07-17T12:30:15.000Z","thermometer","temperature_min","°C",27.36
"2020-07-17T12:35:12.000Z","thermometer","temperature_min","°C",27.86
"2020-07-17T12:40:14.000Z","thermometer","temperature_min","°C",29.19
"2020-07-17T12:45:14.000Z","thermometer","temperature_min","°C",30.02
"2020-07-17T12:50:13.000Z","thermometer","temperature_min","°C",29.28
"2020-07-17T12:55:14.000Z","thermometer","temperature_min","°C",29.14
"2020-07-17T13:00:13.000Z","thermometer","temperature_min","°C",28.92
"2020-07-17T13:05:14.000Z","thermometer","temperature_min","°C",28.7
"2020-07-17T13:10:13.000Z","thermometer","temperature_min","°C",28.17
"2020-07-17T13:15:14.000Z","thermometer","temperature_min","°C",28.12
"2020-07-17T13:20:13.000Z","thermometer","temperature_min","°C",25.79
"2020-07-17T13:25:14.000Z","thermometer","temperature_min","°C",23.85
"2020-07-17T13:30:14.000Z","thermometer","temperature_min","°C",23.23
"2020-07-17T13:35:13.000Z","thermometer","temperature_min","°C",22.6
"2020-07-17T13:40:14.000Z","thermometer","temperature_min","°C",22.05
"2020-07-17T13:45:31.000Z","thermometer","temperature_min","°C",21.2
"2020-07-17T13:50:12.000Z","thermometer","temperature_min","°C",20.02
"2020-07-17T13:55:13.000Z","thermometer","temperature_min","°C",19.33
"2020-07-17T14:00:15.000Z","thermometer","temperature_min","°C",19.08
"2020-07-17T14:05:13.000Z","thermometer","temperature_min","°C",19.02
"2020-07-17T14:10:13.000Z","thermometer","temperature_min","°C",19.16
"2020-07-17T14:15:14.000Z","thermometer","temperature_min","°C",19.31
"2020-07-17T14:20:13.000Z","thermometer","temperature_min","°C",19.63
"2020-07-17T14:25:15.000Z","thermometer","temperature_min","°C",19.65
"2020-07-17T14:30:13.000Z","thermometer","temperature_min","°C",19.8
"2020-07-17T14:35:13.000Z","thermometer","temperature_min","°C",19.76
"2020-07-17T14:40:13.000Z","thermometer","temperature_min","°C",20
"2020-07-17T14:45:14.000Z","thermometer","temperature_min","°C",19.92
"2020-07-17T14:50:13.000Z","thermometer","temperature_min","°C",19.64
"2020-07-17T14:55:14.000Z","thermometer","temperature_min","°C",19.66
"2020-07-17T15:00:31.000Z","thermometer","temperature_min","°C",20.02
"2020-07-17T15:05:12.000Z","thermometer","temperature_min","°C",19.93
"2020-07-17T15:10:13.000Z","thermometer","temperature_min","°C",19.96
"2020-07-17T15:15:31.000Z","thermometer","temperature_min","°C",19.96
"2020-07-17T15:20:13.000Z","thermometer","temperature_min","°C",20
"2020-07-17T15:25:13.000Z","thermometer","temperature_min","°C",20.08
"2020-07-17T15:30:15.000Z","thermometer","temperature_min","°C",20.1
"2020-07-17T15:35:13.000Z","thermometer","temperature_min","°C",20.01
"2020-07-17T15:40:13.000Z","thermometer","temperature_min","°C",20.04
"2020-07-17T15:45:14.000Z","thermometer","temperature_min","°C",20.13
"2020-07-17T15:50:14.000Z","thermometer","temperature_min","°C",20.03
"2020-07-17T15:55:13.000Z","thermometer","temperature_min","°C",20.09
"2020-07-17T16:00:13.000Z","thermometer","temperature_min","°C",20.12
"2020-07-17T16:05:14.000Z","thermometer","temperature_min","°C",20.27
"2020-07-17T16:10:14.000Z","thermometer","temperature_min","°C",20.72
"2020-07-17T16:15:13.000Z","thermometer","temperature_min","°C",21.04
"2020-07-17T16:20:14.000Z","thermometer","temperature_min","°C",21.7
"2020-07-17T16:30:13.000Z","thermometer","temperature_min","°C",21.83
"2020-07-17T16:35:15.000Z","thermometer","temperature_min","°C",21.66
"2020-07-17T16:40:15.000Z","thermometer","temperature_min","°C",21.48
"2020-07-17T16:45:14.000Z","thermometer","temperature_min","°C",21.96
"2020-07-17T16:50:13.000Z","thermometer","temperature_min","°C",22.03
"2020-07-17T16:50:13.000Z","thermometer","temperature_min","°C",22.03
"2020-07-17T16:55:13.000Z","thermometer","temperature_min","°C",22.58
"2020-07-17T17:00:15.000Z","thermometer","temperature_min","°C",22.66
"2020-07-17T17:05:13.000Z","thermometer","temperature_min","°C",22.44
"2020-07-17T17:10:13.000Z","thermometer","temperature_min","°C",22.25
"2020-07-17T17:10:13.000Z","thermometer","temperature_min","°C",22.25
"2020-07-17T17:15:15.000Z","thermometer","temperature_min","°C",22.3
"2020-07-17T17:20:12.000Z","thermometer","temperature_min","°C",22.23
"2020-07-17T17:30:13.000Z","thermometer","temperature_min","°C",22.07
"2020-07-17T17:35:14.000Z","thermometer","temperature_min","°C",22.08
"2020-07-17T17:40:13.000Z","thermometer","temperature_min","°C",21.95
"2020-07-17T17:45:14.000Z","thermometer","temperature_min","°C",21.88
"2020-07-17T17:50:14.000Z","thermometer","temperature_min","°C",21.63
"2020-07-17T17:55:13.000Z","thermometer","temperature_min","°C",21.38
"2020-07-17T18:00:15.000Z","thermometer","temperature_min","°C",21.09
"2020-07-17T18:05:12.000Z","thermometer","temperature_min","°C",20.86
"2020-07-17T18:10:14.000Z","thermometer","temperature_min","°C",20.63
"2020-07-17T18:15:13.000Z","thermometer","temperature_min","°C",20.2
"2020-07-17T18:20:14.000Z","thermometer","temperature_min","°C",19.92
"2020-07-17T18:25:14.000Z","thermometer","temperature_min","°C",19.68
"2020-07-17T18:25:14.000Z","thermometer","temperature_min","°C",19.68
"2020-07-17T18:30:14.000Z","thermometer","temperature_min","°C",19.55
"2020-07-17T18:35:13.000Z","thermometer","temperature_min","°C",19.36
"2020-07-17T18:40:13.000Z","thermometer","temperature_min","°C",19.18
"2020-07-17T18:45:14.000Z","thermometer","temperature_min","°C",19.07
"2020-07-17T18:50:13.000Z","thermometer","temperature_min","°C",18.96
"2020-07-17T18:55:31.000Z","thermometer","temperature_min","°C",18.8
"2020-07-17T19:00:12.000Z","thermometer","temperature_min","°C",18.64
"2020-07-17T19:05:14.000Z","thermometer","temperature_min","°C",18.47
"2020-07-17T19:15:14.000Z","thermometer","temperature_min","°C",18.2
"2020-07-17T19:20:14.000Z","thermometer","temperature_min","°C",18.08
"2020-07-17T19:25:13.000Z","thermometer","temperature_min","°C",17.99
"2020-07-17T19:30:14.000Z","thermometer","temperature_min","°C",17.8
"2020-07-17T19:35:23.000Z","thermometer","temperature_min","°C",17.56
"2020-07-17T19:40:12.000Z","thermometer","temperature_min","°C",17.45
"2020-07-17T19:45:31.000Z","thermometer","temperature_min","°C",17.31
"2020-07-17T19:50:12.000Z","thermometer","temperature_min","°C",17.18
"2020-07-17T19:55:14.000Z","thermometer","temperature_min","°C",17.15
"2020-07-17T20:00:13.000Z","thermometer","temperature_min","°C",17.09
"2020-07-17T20:05:15.000Z","thermometer","temperature_min","°C",16.97
"2020-07-17T20:10:13.000Z","thermometer","temperature_min","°C",16.92
"2020-07-17T20:15:13.000Z","thermometer","temperature_min","°C",16.91
"2020-07-17T20:20:14.000Z","thermometer","temperature_min","°C",16.99
"2020-07-17T20:25:13.000Z","thermometer","temperature_min","°C",17.1
"2020-07-17T20:30:14.000Z","thermometer","temperature_min","°C",17.25
"2020-07-17T20:35:13.000Z","thermometer","temperature_min","°C",17.38
"2020-07-17T20:40:14.000Z","thermometer","temperature_min","°C",17.48
"2020-07-17T20:40:14.000Z","thermometer","temperature_min","°C",17.48
"2020-07-17T20:45:13.000Z","thermometer","temperature_min","°C",17.58
"2020-07-17T20:50:14.000Z","thermometer","temperature_min","°C",17.6
"2020-07-17T20:55:14.000Z","thermometer","temperature_min","°C",17.56
"2020-07-17T21:00:16.000Z","thermometer","temperature_min","°C",17.49
"2020-07-17T21:05:13.000Z","thermometer","temperature_min","°C",17.43
"2020-07-17T21:10:13.000Z","thermometer","temperature_min","°C",17.23
"2020-07-17T21:15:15.000Z","thermometer","temperature_min","°C",16.97
"2020-07-17T21:20:12.000Z","thermometer","temperature_min","°C",16.79
"2020-07-17T21:25:13.000Z","thermometer","temperature_min","°C",16.68
"2020-07-17T21:30:15.000Z","thermometer","temperature_min","°C",16.66
"2020-07-17T21:35:13.000Z","thermometer","temperature_min","°C",16.67
"2020-07-17T21:40:13.000Z","thermometer","temperature_min","°C",16.7
"2020-07-17T21:45:15.000Z","thermometer","temperature_min","°C",16.74
"2020-07-17T21:50:13.000Z","thermometer","temperature_min","°C",16.82
"2020-07-17T21:55:13.000Z","thermometer","temperature_min","°C",16.83
"2020-07-17T22:00:14.000Z","thermometer","temperature_min","°C",16.87
"2020-07-17T22:05:13.000Z","thermometer","temperature_min","°C",16.95
"2020-07-17T22:10:14.000Z","thermometer","temperature_min","°C",16.94
"2020-07-17T22:15:13.000Z","thermometer","temperature_min","°C",16.89
"2020-07-17T22:20:15.000Z","thermometer","temperature_min","°C",16.92
"2020-07-17T22:25:13.000Z","thermometer","temperature_min","°C",16.9
"2020-07-17T22:30:13.000Z","thermometer","temperature_min","°C",16.87
"2020-07-17T22:35:14.000Z","thermometer","temperature_min","°C",16.84
"2020-07-17T22:40:15.000Z","thermometer","temperature_min","°C",16.66
"2020-07-17T22:45:31.000Z","thermometer","temperature_min","°C",16.51
"2020-07-17T22:50:12.000Z","thermometer","temperature_min","°C",16.41
"2020-07-17T22:55:14.000Z","thermometer","temperature_min","°C",16.3
"2020-07-17T23:00:13.000Z","thermometer","temperature_min","°C",16.12
"2020-07-17T23:05:14.000Z","thermometer","temperature_min","°C",15.92
"2020-07-17T23:10:13.000Z","thermometer","temperature_min","°C",15.89
"2020-07-17T23:15:15.000Z","thermometer","temperature_min","°C",15.93
"2020-07-17T23:20:13.000Z","thermometer","temperature_min","°C",15.82
"2020-07-17T23:25:13.000Z","thermometer","temperature_min","°C",15.68
"2020-07-17T23:30:16.000Z","thermometer","temperature_min","°C",15.56
"2020-07-17T23:35:13.000Z","thermometer","temperature_min","°C",15.43
"2020-07-17T23:40:14.000Z","thermometer","temperature_min","°C",15.39
"2020-07-17T23:45:14.000Z","thermometer","temperature_min","°C",15.38
"2020-07-17T23:50:13.000Z","thermometer","temperature_min","°C",15.39
"2020-07-17T23:55:13.000Z","thermometer","temperature_min","°C",15.4
"2020-07-18T00:00:31.000Z","thermometer","temperature_min","°C",15.26
"2020-07-18T00:05:13.000Z","thermometer","temperature_min","°C",15.18
"2020-07-18T00:10:13.000Z","thermometer","temperature_min","°C",15.1
"2020-07-18T00:15:14.000Z","thermometer","temperature_min","°C",15.07
"2020-07-18T00:20:13.000Z","thermometer","temperature_min","°C",15.01
"2020-07-18T00:25:14.000Z","thermometer","temperature_min","°C",14.88
"2020-07-18T00:30:13.000Z","thermometer","temperature_min","°C",14.78
"2020-07-18T00:35:14.000Z","thermometer","temperature_min","°C",14.82
"2020-07-18T00:40:13.000Z","thermometer","temperature_min","°C",14.86
"2020-07-18T00:45:14.000Z","thermometer","temperature_min","°C",14.88
"2020-07-18T00:50:14.000Z","thermometer","temperature_min","°C",14.8
"2020-07-18T00:55:13.000Z","thermometer","temperature_min","°C",14.76
"2020-07-18T01:00:14.000Z","thermometer","temperature_min","°C",14.72
"2020-07-18T01:05:13.000Z","thermometer","temperature_min","°C",14.65
"2020-07-18T01:10:14.000Z","thermometer","temperature_min","°C",14.62
"2020-07-18T01:15:13.000Z","thermometer","temperature_min","°C",14.6
"2020-07-18T01:20:14.000Z","thermometer","temperature_min","°C",14.62
"2020-07-18T01:25:14.000Z","thermometer","temperature_min","°C",14.61
"2020-07-18T01:30:21.000Z","thermometer","temperature_min","°C",14.64
"2020-07-18T01:35:13.000Z","thermometer","temperature_min","°C",14.66
"2020-07-18T01:40:15.000Z","thermometer","temperature_min","°C",14.54
"2020-07-18T01:45:13.000Z","thermometer","temperature_min","°C",14.5
"2020-07-18T01:50:13.000Z","thermometer","temperature_min","°C",14.5
"2020-07-18T01:55:15.000Z","thermometer","temperature_min","°C",14.62
"2020-07-18T02:00:13.000Z","thermometer","temperature_min","°C",14.64
"2020-07-18T02:05:13.000Z","thermometer","temperature_min","°C",14.6
"2020-07-18T02:10:14.000Z","thermometer","temperature_min","°C",14.58
"2020-07-18T02:15:28.000Z","thermometer","temperature_min","°C",14.54
"2020-07-18T02:20:14.000Z","thermometer","temperature_min","°C",14.57
"2020-07-18T02:25:13.000Z","thermometer","temperature_min","°C",14.73
"2020-07-18T02:30:14.000Z","thermometer","temperature_min","°C",14.83
"2020-07-18T02:35:13.000Z","thermometer","temperature_min","°C",14.84
"2020-07-18T02:40:15.000Z","thermometer","temperature_min","°C",14.84
"2020-07-18T02:45:13.000Z","thermometer","temperature_min","°C",14.87
"2020-07-18T02:50:13.000Z","thermometer","temperature_min","°C",14.82
"2020-07-18T02:55:14.000Z","thermometer","temperature_min","°C",14.84
"2020-07-18T03:00:13.000Z","thermometer","temperature_min","°C",14.72
"2020-07-18T03:05:14.000Z","thermometer","temperature_min","°C",14.66
"2020-07-18T03:10:13.000Z","thermometer","temperature_min","°C",14.65
"2020-07-18T03:15:14.000Z","thermometer","temperature_min","°C",14.64
"2020-07-18T03:20:13.000Z","thermometer","temperature_min","°C",14.68
"2020-07-18T03:25:14.000Z","thermometer","temperature_min","°C",14.81
"2020-07-18T03:30:14.000Z","thermometer","temperature_min","°C",14.97
"2020-07-18T03:35:13.000Z","thermometer","temperature_min","°C",15.16
"2020-07-18T03:40:14.000Z","thermometer","temperature_min","°C",15.25
"2020-07-18T03:45:13.000Z","thermometer","temperature_min","°C",15.25
"2020-07-18T03:50:14.000Z","thermometer","temperature_min","°C",15.24
"2020-07-18T03:55:13.000Z","thermometer","temperature_min","°C",15.32
"2020-07-18T04:00:15.000Z","thermometer","temperature_min","°C",15.34
"2020-07-18T04:05:13.000Z","thermometer","temperature_min","°C",15.34
"2020-07-18T04:10:13.000Z","thermometer","temperature_min","°C",15.36
"2020-07-18T04:15:14.000Z","thermometer","temperature_min","°C",15.4
"2020-07-18T04:20:13.000Z","thermometer","temperature_min","°C",15.84
"2020-07-18T04:25:14.000Z","thermometer","temperature_min","°C",16.34
"2020-07-18T04:30:14.000Z","thermometer","temperature_min","°C",16.69
"2020-07-18T04:35:21.000Z","thermometer","temperature_min","°C",16.94
"2020-07-18T04:40:15.000Z","thermometer","temperature_min","°C",17
"2020-07-18T04:40:15.000Z","thermometer","temperature_min","°C",17
"2020-07-18T04:45:13.000Z","thermometer","temperature_min","°C",17.11
"2020-07-18T04:50:13.000Z","thermometer","temperature_min","°C",17.3
"2020-07-18T04:55:14.000Z","thermometer","temperature_min","°C",17.44
"2020-07-18T05:00:13.000Z","thermometer","temperature_min","°C",17.6
"2020-07-18T05:05:31.000Z","thermometer","temperature_min","°C",17.78
"2020-07-18T05:10:12.000Z","thermometer","temperature_min","°C",18.03
"2020-07-18T05:15:14.000Z","thermometer","temperature_min","°C",18.11
"2020-07-18T05:20:13.000Z","thermometer","temperature_min","°C",18.2
"2020-07-18T05:25:15.000Z","thermometer","temperature_min","°C",18.55
"2020-07-18T05:30:13.000Z","thermometer","temperature_min","°C",18.8
"2020-07-18T05:35:13.000Z","thermometer","temperature_min","°C",18.98
"2020-07-18T05:40:14.000Z","thermometer","temperature_min","°C",19.11
"2020-07-18T05:40:14.000Z","thermometer","temperature_min","°C",19.11
"2020-07-18T05:45:13.000Z","thermometer","temperature_min","°C",19.2
"2020-07-18T05:50:15.000Z","thermometer","temperature_min","°C",19.47
"2020-07-18T05:55:13.000Z","thermometer","temperature_min","°C",19.57
"2020-07-18T06:00:13.000Z","thermometer","temperature_min","°C",19.57
"2020-07-18T06:05:13.000Z","thermometer","temperature_min","°C",19.98
"2020-07-18T06:15:13.000Z","thermometer","temperature_min","°C",19.09
"2020-07-18T06:20:14.000Z","thermometer","temperature_min","°C",19.62
"2020-07-18T06:25:14.000Z","thermometer","temperature_min","°C",19.67
"2020-07-18T06:30:13.000Z","thermometer","temperature_min","°C",19.57
"2020-07-18T06:35:14.000Z","thermometer","temperature_min","°C",19.95
"2020-07-18T06:40:14.000Z","thermometer","temperature_min","°C",19.26
"2020-07-18T06:45:13.000Z","thermometer","temperature_min","°C",19.11
"2020-07-18T06:50:13.000Z","thermometer","temperature_min","°C",19.97
"2020-07-18T06:55:14.000Z","thermometer","temperature_min","°C",20.73
"2020-07-18T07:05:15.000Z","thermometer","temperature_min","°C",21.42
"2020-07-18T07:10:28.000Z","thermometer","temperature_min","°C",21.6
"2020-07-18T07:15:14.000Z","thermometer","temperature_min","°C",20.7
"2020-07-18T07:20:13.000Z","thermometer","temperature_min","°C",20.53
"2020-07-18T07:25:15.000Z","thermometer","temperature_min","°C",20.57
"2020-07-18T07:35:13.000Z","thermometer","temperature_min","°C",20.69
"2020-07-18T07:40:15.000Z","thermometer","temperature_min","°C",20.42
"2020-07-18T07:45:13.000Z","thermometer","temperature_min","°C",20.68
"2020-07-18T07:50:13.000Z","thermometer","temperature_min","°C",21.5
"2020-07-18T07:55:14.000Z","thermometer","temperature_min","°C",22.16
"2020-07-18T08:00:14.000Z","thermometer","temperature_min","°C",22.18
"2020-07-18T08:05:13.000Z","thermometer","temperature_min","°C",22.54
"2020-07-18T08:10:13.000Z","thermometer","temperature_min","°C",22.47
"2020-07-18T08:15:14.000Z","thermometer","temperature_min","°C",21.96
"2020-07-18T08:20:13.000Z","thermometer","temperature_min","°C",21.9
"2020-07-18T08:25:14.000Z","thermometer","temperature_min","°C",22.73
"2020-07-18T08:30:14.000Z","thermometer","temperature_min","°C",22.99
"2020-07-18T08:30:14.000Z","thermometer","temperature_min","°C",22.99
"2020-07-18T08:35:13.000Z","thermometer","temperature_min","°C",23.2
"2020-07-18T08:40:15.000Z","thermometer","temperature_min","°C",23.42
"2020-07-18T08:45:12.000Z","thermometer","temperature_min","°C",23.47
"2020-07-18T08:50:14.000Z","thermometer","temperature_min","°C",23.94
"2020-07-18T08:55:13.000Z","thermometer","temperature_min","°C",24.36
"2020-07-18T09:00:14.000Z","thermometer","temperature_min","°C",24.08
"2020-07-18T09:05:13.000Z","thermometer","temperature_min","°C",23.94
"2020-07-18T09:10:14.000Z","thermometer","temperature_min","°C",24.41
"2020-07-18T09:15:14.000Z","thermometer","temperature_min","°C",24.74
"2020-07-18T09:20:13.000Z","thermometer","temperature_min","°C",24.91
"2020-07-18T09:25:14.000Z","thermometer","temperature_min","°C",24.87
"2020-07-18T09:30:13.000Z","thermometer","temperature_min","°C",24.63
"2020-07-18T09:35:15.000Z","thermometer","temperature_min","°C",24.3
"2020-07-18T09:40:13.000Z","thermometer","temperature_min","°C",24.55
"2020-07-18T09:45:13.000Z","thermometer","temperature_min","°C",24.56
"2020-07-18T09:50:14.000Z","thermometer","temperature_min","°C",24.77
"2020-07-18T10:00:31.000Z","thermometer","temperature_min","°C",25.39
"2020-07-18T10:05:12.000Z","thermometer","temperature_min","°C",25.95
"2020-07-18T10:10:15.000Z","thermometer","temperature_min","°C",25.55
"2020-07-18T10:15:13.000Z","thermometer","temperature_min","°C",25.8
"2020-07-18T10:20:13.000Z","thermometer","temperature_min","°C",26.33
"2020-07-18T10:25:13.000Z","thermometer","temperature_min","°C",26.28
"2020-07-18T10:30:15.000Z","thermometer","temperature_min","°C",25.85
"2020-07-18T10:35:12.000Z","thermometer","temperature_min","°C",26.27
"2020-07-18T10:40:14.000Z","thermometer","temperature_min","°C",26.59
"2020-07-18T10:45:13.000Z","thermometer","temperature_min","°C",26.01
"2020-07-18T10:50:14.000Z","thermometer","temperature_min","°C",26.21
"2020-07-18T10:55:13.000Z","thermometer","temperature_min","°C",26.03
"2020-07-18T11:00:14.000Z","thermometer","temperature_min","°C",25.37
"2020-07-18T11:05:14.000Z","thermometer","temperature_min","°C",25.4
"2020-07-18T11:10:13.000Z","thermometer","temperature_min","°C",26.67
"2020-07-18T11:15:14.000Z","thermometer","temperature_min","°C",26.77
"2020-07-18T11:20:14.000Z","thermometer","temperature_min","°C",26.46
"2020-07-18T11:25:13.000Z","thermometer","temperature_min","°C",25.66
"2020-07-18T11:30:14.000Z","thermometer","temperature_min","°C",25.58
"2020-07-18T11:35:16.000Z","thermometer","temperature_min","°C",26.54
"2020-07-18T11:40:13.000Z","thermometer","temperature_min","°C",25.71
"2020-07-18T11:45:13.000Z","thermometer","temperature_min","°C",26.54
"2020-07-18T11:50:15.000Z","thermometer","temperature_min","°C",26.65
"2020-07-18T11:55:13.000Z","thermometer","temperature_min","°C",26.07
"2020-07-18T12:00:13.000Z","thermometer","temperature_min","°C",26.28
"2020-07-18T12:05:13.000Z","thermometer","temperature_min","°C",26.56
"2020-07-18T12:10:15.000Z","thermometer","temperature_min","°C",26.83
"2020-07-18T12:15:28.000Z","thermometer","temperature_min","°C",26.77
"2020-07-18T12:20:14.000Z","thermometer","temperature_min","°C",27.7
"2020-07-18T12:25:13.000Z","thermometer","temperature_min","°C",27.88
"2020-07-18T12:25:13.000Z","thermometer","temperature_min","°C",27.88
"2020-07-18T12:30:13.000Z","thermometer","temperature_min","°C",28.18
"2020-07-18T12:35:15.000Z","thermometer","temperature_min","°C",27.95
"2020-07-18T12:40:13.000Z","thermometer","temperature_min","°C",27.63
"2020-07-18T12:45:13.000Z","thermometer","temperature_min","°C",27.3
"2020-07-18T12:50:14.000Z","thermometer","temperature_min","°C",27.04
"2020-07-18T12:55:13.000Z","thermometer","temperature_min","°C",28.07
"2020-07-18T13:00:15.000Z","thermometer","temperature_min","°C",28.15
"2020-07-18T13:05:12.000Z","thermometer","temperature_min","°C",27.76
"2020-07-18T13:10:14.000Z","thermometer","temperature_min","°C",27.22
"2020-07-18T13:15:13.000Z","thermometer","temperature_min","°C",27.24
"2020-07-18T13:20:15.000Z","thermometer","temperature_min","°C",27.38
"2020-07-18T13:25:13.000Z","thermometer","temperature_min","°C",27.42
"2020-07-18T13:30:13.000Z","thermometer","temperature_min","°C",27.9
"2020-07-18T13:35:15.000Z","thermometer","temperature_min","°C",28.06
"2020-07-18T13:40:12.000Z","thermometer","temperature_min","°C",28.05
"2020-07-18T13:45:14.000Z","thermometer","temperature_min","°C",28.1
"2020-07-18T13:50:13.000Z","thermometer","temperature_min","°C",28.25
"2020-07-18T13:55:14.000Z","thermometer","temperature_min","°C",27.93
"2020-07-18T14:00:13.000Z","thermometer","temperature_min","°C",27.65
"2020-07-18T14:05:14.000Z","thermometer","temperature_min","°C",27.5
"2020-07-18T14:10:14.000Z","thermometer","temperature_min","°C",27.91
"2020-07-18T14:15:13.000Z","thermometer","temperature_min","°C",27.54
"2020-07-18T14:20:14.000Z","thermometer","temperature_min","°C",27.92
"2020-07-18T14:25:13.000Z","thermometer","temperature_min","°C",28.52
"2020-07-18T14:35:13.000Z","thermometer","temperature_min","°C",28.28
"2020-07-18T14:40:13.000Z","thermometer","temperature_min","°C",27.84
"2020-07-18T14:45:13.000Z","thermometer","temperature_min","°C",27.94
"2020-07-18T14:50:14.000Z","thermometer","temperature_min","°C",27.94
"2020-07-18T14:55:13.000Z","thermometer","temperature_min","°C",27.92
"2020-07-18T15:00:14.000Z","thermometer","temperature_min","°C",27.24
"2020-07-18T15:05:14.000Z","thermometer","temperature_min","°C",27.45
"2020-07-18T15:10:13.000Z","thermometer","temperature_min","°C",27.9
"2020-07-18T15:15:28.000Z","thermometer","temperature_min","°C",27.12
"2020-07-18T15:20:14.000Z","thermometer","temperature_min","°C",27.06
"2020-07-18T15:25:13.000Z","thermometer","temperature_min","°C",27.62
"2020-07-18T15:30:13.000Z","thermometer","temperature_min","°C",27.48
"2020-07-18T15:35:15.000Z","thermometer","temperature_min","°C",27.18
"2020-07-18T15:40:13.000Z","thermometer","temperature_min","°C",26.92
"2020-07-18T15:45:13.000Z","thermometer","temperature_min","°C",27.33
"2020-07-18T15:50:14.000Z","thermometer","temperature_min","°C",26.98
"2020-07-18T15:55:13.000Z","thermometer","temperature_min","°C",27.2
"2020-07-18T16:00:14.000Z","thermometer","temperature_min","°C",26.86
"2020-07-18T16:05:13.000Z","thermometer","temperature_min","°C",26.72
"2020-07-18T16:10:14.000Z","thermometer","temperature_min","°C",26.36
"2020-07-18T16:15:14.000Z","thermometer","temperature_min","°C",26.3
"2020-07-18T16:20:13.000Z","thermometer","temperature_min","°C",26.22
"2020-07-18T16:25:21.000Z","thermometer","temperature_min","°C",26.38
"2020-07-18T16:30:12.000Z","thermometer","temperature_min","°C",26.28
"2020-07-18T16:35:15.000Z","thermometer","temperature_min","°C",26.2
"2020-07-18T16:40:12.000Z","thermometer","temperature_min","°C",26.35
"2020-07-18T16:45:15.000Z","thermometer","temperature_min","°C",26.31
"2020-07-18T16:50:13.000Z","thermometer","temperature_min","°C",25.48
"2020-07-18T16:55:14.000Z","thermometer","temperature_min","°C",25.5
"2020-07-18T17:00:24.000Z","thermometer","temperature_min","°C",25.56
"2020-07-18T17:05:12.000Z","thermometer","temperature_min","°C",25.46
"2020-07-18T17:10:14.000Z","thermometer","temperature_min","°C",25.12
"2020-07-18T17:15:13.000Z","thermometer","temperature_min","°C",24.88
"2020-07-18T17:20:15.000Z","thermometer","temperature_min","°C",24.61
"2020-07-18T17:25:13.000Z","thermometer","temperature_min","°C",24.42
"2020-07-18T17:30:28.000Z","thermometer","temperature_min","°C",24.16
"2020-07-18T17:35:14.000Z","thermometer","temperature_min","°C",24
"2020-07-18T17:40:13.000Z","thermometer","temperature_min","°C",23.83
"2020-07-18T17:45:15.000Z","thermometer","temperature_min","°C",23.58
"2020-07-18T17:50:12.000Z","thermometer","temperature_min","°C",23.33
"2020-07-18T17:55:14.000Z","thermometer","temperature_min","°C",23.06
"2020-07-18T18:00:13.000Z","thermometer","temperature_min","°C",22.61
"2020-07-18T18:05:15.000Z","thermometer","temperature_min","°C",22.2
"2020-07-18T18:10:12.000Z","thermometer","temperature_min","°C",21.96
"2020-07-18T18:15:14.000Z","thermometer","temperature_min","°C",21.42
"2020-07-18T18:20:14.000Z","thermometer","temperature_min","°C",21.09
"2020-07-18T18:25:13.000Z","thermometer","temperature_min","°C",20.73
"2020-07-18T18:30:14.000Z","thermometer","temperature_min","°C",20.61
"2020-07-18T18:35:14.000Z","thermometer","temperature_min","°C",20
"2020-07-18T18:40:13.000Z","thermometer","temperature_min","°C",19.6
"2020-07-18T18:45:13.000Z","thermometer","temperature_min","°C",19.55
"2020-07-18T18:50:14.000Z","thermometer","temperature_min","°C",19.25
"2020-07-18T18:55:14.000Z","thermometer","temperature_min","°C",19.06
"2020-07-18T19:00:16.000Z","thermometer","temperature_min","°C",18.82
"2020-07-18T19:05:13.000Z","thermometer","temperature_min","°C",18.67
"2020-07-18T19:10:13.000Z","thermometer","temperature_min","°C",18.52
"2020-07-18T19:15:14.000Z","thermometer","temperature_min","°C",18.56
"2020-07-18T19:20:13.000Z","thermometer","temperature_min","°C",18.44
"2020-07-18T19:25:31.000Z","thermometer","temperature_min","°C",18.28
"2020-07-18T19:30:12.000Z","thermometer","temperature_min","°C",18.11
"2020-07-18T19:35:14.000Z","thermometer","temperature_min","°C",17.76
"2020-07-18T19:40:14.000Z","thermometer","temperature_min","°C",17.62
"2020-07-18T19:50:14.000Z","thermometer","temperature_min","°C",16.8
"2020-07-18T19:55:13.000Z","thermometer","temperature_min","°C",16.36
"2020-07-18T20:00:14.000Z","thermometer","temperature_min","°C",16.11
"2020-07-18T20:05:13.000Z","thermometer","temperature_min","°C",15.86
"2020-07-18T20:10:14.000Z","thermometer","temperature_min","°C",15.62
"2020-07-18T20:15:13.000Z","thermometer","temperature_min","°C",15.28
"2020-07-18T20:20:14.000Z","thermometer","temperature_min","°C",14.75
"2020-07-18T20:25:14.000Z","thermometer","temperature_min","°C",14.42
"2020-07-18T20:35:14.000Z","thermometer","temperature_min","°C",14.78
"2020-07-18T20:40:13.000Z","thermometer","temperature_min","°C",14.92
"2020-07-18T20:45:15.000Z","thermometer","temperature_min","°C",14.97
"2020-07-18T20:50:12.000Z","thermometer","temperature_min","°C",14.9
"2020-07-18T20:55:15.000Z","thermometer","temperature_min","°C",14.9
"2020-07-18T21:05:13.000Z","thermometer","temperature_min","°C",14.74
"2020-07-18T21:10:13.000Z","thermometer","temperature_min","°C",14.66
"2020-07-18T21:15:14.000Z","thermometer","temperature_min","°C",14.64
"2020-07-18T21:20:14.000Z","thermometer","temperature_min","°C",14.73
"2020-07-18T21:25:13.000Z","thermometer","temperature_min","°C",14.78
"2020-07-18T21:30:15.000Z","thermometer","temperature_min","°C",14.84
"2020-07-18T21:35:12.000Z","thermometer","temperature_min","°C",14.92
"2020-07-18T21:40:15.000Z","thermometer","temperature_min","°C",15.29
"2020-07-18T21:45:12.000Z","thermometer","temperature_min","°C",15.24
"2020-07-18T21:50:14.000Z","thermometer","temperature_min","°C",15.1
"2020-07-18T21:55:13.000Z","thermometer","temperature_min","°C",14.78
"2020-07-18T22:00:14.000Z","thermometer","temperature_min","°C",14.58
"2020-07-18T22:05:14.000Z","thermometer","temperature_min","°C",14.62
"2020-07-18T22:10:13.000Z","thermometer","temperature_min","°C",14.67
"2020-07-18T22:15:14.000Z","thermometer","temperature_min","°C",14.56
"2020-07-18T22:20:13.000Z","thermometer","temperature_min","°C",14.36
"2020-07-18T22:25:15.000Z","thermometer","temperature_min","°C",14.12
"2020-07-18T22:30:13.000Z","thermometer","temperature_min","°C",14.09
"2020-07-18T22:35:13.000Z","thermometer","temperature_min","°C",13.93
"2020-07-18T22:40:14.000Z","thermometer","temperature_min","°C",13.63
"2020-07-18T22:45:13.000Z","thermometer","temperature_min","°C",13.54
"2020-07-18T22:50:14.000Z","thermometer","temperature_min","°C",13.7
"2020-07-18T22:55:28.000Z","thermometer","temperature_min","°C",13.89
"2020-07-18T23:00:14.000Z","thermometer","temperature_min","°C",14.04
"2020-07-18T23:05:13.000Z","thermometer","temperature_min","°C",14.06
"2020-07-18T23:10:14.000Z","thermometer","temperature_min","°C",14.07
"2020-07-18T23:15:13.000Z","thermometer","temperature_min","°C",14.1
"2020-07-18T23:20:14.000Z","thermometer","temperature_min","°C",14.11
"2020-07-18T23:25:14.000Z","thermometer","temperature_min","°C",14.19
"2020-07-18T23:35:14.000Z","thermometer","temperature_min","°C",14.5
"2020-07-18T23:40:13.000Z","thermometer","temperature_min","°C",14.64
"2020-07-18T23:40:13.000Z","thermometer","temperature_min","°C",14.64
"2020-07-18T23:45:14.000Z","thermometer","temperature_min","°C",14.86
"2020-07-18T23:50:13.000Z","thermometer","temperature_min","°C",14.85
"2020-07-18T23:55:13.000Z","thermometer","temperature_min","°C",15.12
"2020-07-19T00:00:14.000Z","thermometer","temperature_min","°C",15.55
"2020-07-19T00:05:14.000Z","thermometer","temperature_min","°C",16.03
"2020-07-19T00:10:14.000Z","thermometer","temperature_min","°C",15.98
"2020-07-19T00:15:13.000Z","thermometer","temperature_min","°C",15.92
"2020-07-19T00:20:15.000Z","thermometer","temperature_min","°C",15.82
"2020-07-19T00:25:22.000Z","thermometer","temperature_min","°C",15.72
"2020-07-19T00:30:14.000Z","thermometer","temperature_min","°C",15.77
"2020-07-19T00:35:13.000Z","thermometer","temperature_min","°C",15.91
"2020-07-19T00:40:14.000Z","thermometer","temperature_min","°C",16.06
"2020-07-19T00:45:13.000Z","thermometer","temperature_min","°C",16.08
"2020-07-19T00:50:14.000Z","thermometer","temperature_min","°C",16.1
"2020-07-19T00:55:13.000Z","thermometer","temperature_min","°C",16.06
"2020-07-19T01:00:14.000Z","thermometer","temperature_min","°C",16.16
"2020-07-19T01:05:14.000Z","thermometer","temperature_min","°C",16.38
"2020-07-19T01:10:13.000Z","thermometer","temperature_min","°C",16.68
"2020-07-19T01:15:14.000Z","thermometer","temperature_min","°C",16.76
"2020-07-19T01:20:13.000Z","thermometer","temperature_min","°C",16.81
"2020-07-19T01:25:14.000Z","thermometer","temperature_min","°C",16.84
"2020-07-19T01:30:13.000Z","thermometer","temperature_min","°C",16.62
"2020-07-19T01:35:14.000Z","thermometer","temperature_min","°C",16.43
"2020-07-19T01:40:31.000Z","thermometer","temperature_min","°C",16.22
"2020-07-19T01:45:12.000Z","thermometer","temperature_min","°C",16.06
"2020-07-19T01:50:14.000Z","thermometer","temperature_min","°C",16.06
"2020-07-19T01:55:13.000Z","thermometer","temperature_min","°C",16.1
"2020-07-19T02:00:14.000Z","thermometer","temperature_min","°C",15.96
"2020-07-19T02:05:13.000Z","thermometer","temperature_min","°C",15.85
"2020-07-19T02:10:13.000Z","thermometer","temperature_min","°C",15.67
"2020-07-19T02:15:14.000Z","thermometer","temperature_min","°C",15.59
"2020-07-19T02:20:14.000Z","thermometer","temperature_min","°C",15.48
"2020-07-19T02:25:14.000Z","thermometer","temperature_min","°C",15.44
"2020-07-19T02:30:13.000Z","thermometer","temperature_min","°C",15.4
"2020-07-19T02:35:20.000Z","thermometer","temperature_min","°C",15.45
"2020-07-19T02:40:13.000Z","thermometer","temperature_min","°C",15.48
"2020-07-19T02:45:15.000Z","thermometer","temperature_min","°C",15.37
"2020-07-19T02:50:12.000Z","thermometer","temperature_min","°C",15.21
"2020-07-19T02:55:13.000Z","thermometer","temperature_min","°C",15.08
"2020-07-19T03:00:15.000Z","thermometer","temperature_min","°C",14.89
"2020-07-19T03:05:13.000Z","thermometer","temperature_min","°C",14.71
"2020-07-19T03:10:31.000Z","thermometer","temperature_min","°C",14.64
"2020-07-19T03:15:12.000Z","thermometer","temperature_min","°C",14.62
"2020-07-19T03:20:13.000Z","thermometer","temperature_min","°C",14.62
"2020-07-19T03:25:14.000Z","thermometer","temperature_min","°C",14.54
"2020-07-19T03:30:14.000Z","thermometer","temperature_min","°C",14.48
"2020-07-19T03:35:13.000Z","thermometer","temperature_min","°C",14.47
"2020-07-19T03:40:13.000Z","thermometer","temperature_min","°C",14.6
"2020-07-19T03:45:14.000Z","thermometer","temperature_min","°C",14.53
"2020-07-19T03:50:14.000Z","thermometer","temperature_min","°C",14.65
"2020-07-19T03:55:14.000Z","thermometer","temperature_min","°C",14.88
"2020-07-19T04:00:13.000Z","thermometer","temperature_min","°C",15
"2020-07-19T04:05:14.000Z","thermometer","temperature_min","°C",15.07
"2020-07-19T04:10:13.000Z","thermometer","temperature_min","°C",15.18
"2020-07-19T04:15:14.000Z","thermometer","temperature_min","°C",15.32
"2020-07-19T04:20:31.000Z","thermometer","temperature_min","°C",15.46
"2020-07-19T04:25:12.000Z","thermometer","temperature_min","°C",15.75
"2020-07-19T04:30:14.000Z","thermometer","temperature_min","°C",16.3
"2020-07-19T04:35:14.000Z","thermometer","temperature_min","°C",16.55
"2020-07-19T04:40:13.000Z","thermometer","temperature_min","°C",16.78
"2020-07-19T04:45:14.000Z","thermometer","temperature_min","°C",16.94
"2020-07-19T04:50:14.000Z","thermometer","temperature_min","°C",17.12
"2020-07-19T04:55:12.000Z","thermometer","temperature_min","°C",17.3
"2020-07-19T05:00:14.000Z","thermometer","temperature_min","°C",17.43
"2020-07-19T05:05:14.000Z","thermometer","temperature_min","°C",17.48
"2020-07-19T05:10:31.000Z","thermometer","temperature_min","°C",17.73
"2020-07-19T05:15:12.000Z","thermometer","temperature_min","°C",18.23
"2020-07-19T05:20:14.000Z","thermometer","temperature_min","°C",18.43
"2020-07-19T05:25:13.000Z","thermometer","temperature_min","°C",18.56
"2020-07-19T05:30:14.000Z","thermometer","temperature_min","°C",18.72
"2020-07-19T05:35:13.000Z","thermometer","temperature_min","°C",19.14
"2020-07-19T05:40:14.000Z","thermometer","temperature_min","°C",19.19
"2020-07-19T05:45:13.000Z","thermometer","temperature_min","°C",19.32
"2020-07-19T05:50:15.000Z","thermometer","temperature_min","°C",19.44
"2020-07-19T05:55:13.000Z","thermometer","temperature_min","°C",19.55
"2020-07-19T06:00:13.000Z","thermometer","temperature_min","°C",19.51
"2020-07-19T06:05:14.000Z","thermometer","temperature_min","°C",19.68
"2020-07-19T06:10:14.000Z","thermometer","temperature_min","°C",19.88
"2020-07-19T06:15:13.000Z","thermometer","temperature_min","°C",19.72
"2020-07-19T06:20:13.000Z","thermometer","temperature_min","°C",19.67
"2020-07-19T06:25:14.000Z","thermometer","temperature_min","°C",19.8
"2020-07-19T06:30:15.000Z","thermometer","temperature_min","°C",20.28
"2020-07-19T06:35:13.000Z","thermometer","temperature_min","°C",20.15
"2020-07-19T06:40:13.000Z","thermometer","temperature_min","°C",20.46
"2020-07-19T06:45:13.000Z","thermometer","temperature_min","°C",20.53
"2020-07-19T06:50:14.000Z","thermometer","temperature_min","°C",20.46
"2020-07-19T06:55:31.000Z","thermometer","temperature_min","°C",20.84
"2020-07-19T07:00:12.000Z","thermometer","temperature_min","°C",21.22
"2020-07-19T07:05:13.000Z","thermometer","temperature_min","°C",21.44
"2020-07-19T07:10:15.000Z","thermometer","temperature_min","°C",21.64
"2020-07-19T07:15:12.000Z","thermometer","temperature_min","°C",21.91
"2020-07-19T07:20:15.000Z","thermometer","temperature_min","°C",21.86
"2020-07-19T07:25:13.000Z","thermometer","temperature_min","°C",21.71
"2020-07-19T07:30:13.000Z","thermometer","temperature_min","°C",22.06
"2020-07-19T07:35:14.000Z","thermometer","temperature_min","°C",22.38
"2020-07-19T07:40:13.000Z","thermometer","temperature_min","°C",22.49
"2020-07-19T07:45:15.000Z","thermometer","temperature_min","°C",22.74
"2020-07-19T07:50:13.000Z","thermometer","temperature_min","°C",23.28
"2020-07-19T07:55:13.000Z","thermometer","temperature_min","°C",23.07
"2020-07-19T08:00:13.000Z","thermometer","temperature_min","°C",23.27
"2020-07-19T08:05:14.000Z","thermometer","temperature_min","°C",23.06
"2020-07-19T08:10:14.000Z","thermometer","temperature_min","°C",23.2
"2020-07-19T08:15:13.000Z","thermometer","temperature_min","°C",23.86
"2020-07-19T08:20:19.000Z","thermometer","temperature_min","°C",23.3
"2020-07-19T08:25:12.000Z","thermometer","temperature_min","°C",23.12
"2020-07-19T08:30:14.000Z","thermometer","temperature_min","°C",23.96
"2020-07-19T08:35:13.000Z","thermometer","temperature_min","°C",23.89
"2020-07-19T08:40:14.000Z","thermometer","temperature_min","°C",24.25
"2020-07-19T08:45:14.000Z","thermometer","temperature_min","°C",24.6
"2020-07-19T08:50:13.000Z","thermometer","temperature_min","°C",24.93
"2020-07-19T08:55:15.000Z","thermometer","temperature_min","°C",24.89
"2020-07-19T09:00:12.000Z","thermometer","temperature_min","°C",25.16
"2020-07-19T09:05:14.000Z","thermometer","temperature_min","°C",25.6
"2020-07-19T09:10:13.000Z","thermometer","temperature_min","°C",25.07
"2020-07-19T09:15:15.000Z","thermometer","temperature_min","°C",24.81
"2020-07-19T09:20:13.000Z","thermometer","temperature_min","°C",25
"2020-07-19T09:25:13.000Z","thermometer","temperature_min","°C",25.22
"2020-07-19T09:30:14.000Z","thermometer","temperature_min","°C",25.15
"2020-07-19T09:35:13.000Z","thermometer","temperature_min","°C",25.51
"2020-07-19T09:40:15.000Z","thermometer","temperature_min","°C",25.62
"2020-07-19T09:45:12.000Z","thermometer","temperature_min","°C",25.75
"2020-07-19T09:50:15.000Z","thermometer","temperature_min","°C",25.72
"2020-07-19T09:55:12.000Z","thermometer","temperature_min","°C",25.71
"2020-07-19T10:00:13.000Z","thermometer","temperature_min","°C",26.17
"2020-07-19T10:05:31.000Z","thermometer","temperature_min","°C",26.35
"2020-07-19T10:10:13.000Z","thermometer","temperature_min","°C",26.25
"2020-07-19T10:15:14.000Z","thermometer","temperature_min","°C",25.95
"2020-07-19T10:20:13.000Z","thermometer","temperature_min","°C",26.16
"2020-07-19T10:25:14.000Z","thermometer","temperature_min","°C",26.12
"2020-07-19T10:30:13.000Z","thermometer","temperature_min","°C",26.81
"2020-07-19T10:35:15.000Z","thermometer","temperature_min","°C",26.66
"2020-07-19T10:40:14.000Z","thermometer","temperature_min","°C",26.08
"2020-07-19T10:45:14.000Z","thermometer","temperature_min","°C",26.35
"2020-07-19T10:50:13.000Z","thermometer","temperature_min","°C",26.8
"2020-07-19T10:55:14.000Z","thermometer","temperature_min","°C",25.94
"2020-07-19T11:00:13.000Z","thermometer","temperature_min","°C",26.29
"2020-07-19T11:05:14.000Z","thermometer","temperature_min","°C",27.03
"2020-07-19T11:10:14.000Z","thermometer","temperature_min","°C",27.09
"2020-07-19T11:15:19.000Z","thermometer","temperature_min","°C",27.32
"2020-07-19T11:20:14.000Z","thermometer","temperature_min","°C",27.21
"2020-07-19T11:25:13.000Z","thermometer","temperature_min","°C",27.04
"2020-07-19T11:30:15.000Z","thermometer","temperature_min","°C",27.06
"2020-07-19T11:35:13.000Z","thermometer","temperature_min","°C",26.75
"2020-07-19T11:40:14.000Z","thermometer","temperature_min","°C",27.03
"2020-07-19T11:45:13.000Z","thermometer","temperature_min","°C",27.14
"2020-07-19T11:50:13.000Z","thermometer","temperature_min","°C",27.55
"2020-07-19T11:55:15.000Z","thermometer","temperature_min","°C",27.15
"2020-07-19T12:00:28.000Z","thermometer","temperature_min","°C",27.66
"2020-07-19T12:05:13.000Z","thermometer","temperature_min","°C",27.69
"2020-07-19T12:10:14.000Z","thermometer","temperature_min","°C",27.76
"2020-07-19T12:15:13.000Z","thermometer","temperature_min","°C",27.28
"2020-07-19T12:20:14.000Z","thermometer","temperature_min","°C",27.63
"2020-07-19T12:25:13.000Z","thermometer","temperature_min","°C",27.93
"2020-07-19T12:25:13.000Z","thermometer","temperature_min","°C",27.93
"2020-07-19T12:30:13.000Z","thermometer","temperature_min","°C",27.67
"2020-07-19T12:35:15.000Z","thermometer","temperature_min","°C",27.7
"2020-07-19T12:40:13.000Z","thermometer","temperature_min","°C",27.19
"2020-07-19T12:45:13.000Z","thermometer","temperature_min","°C",26.9
"2020-07-19T12:50:15.000Z","thermometer","temperature_min","°C",27.4
"2020-07-19T12:55:13.000Z","thermometer","temperature_min","°C",27.21
"2020-07-19T13:00:13.000Z","thermometer","temperature_min","°C",26.05
"2020-07-19T13:05:14.000Z","thermometer","temperature_min","°C",27.25
"2020-07-19T13:10:13.000Z","thermometer","temperature_min","°C",27.87
"2020-07-19T13:15:15.000Z","thermometer","temperature_min","°C",28.38
"2020-07-19T13:20:12.000Z","thermometer","temperature_min","°C",28.17
"2020-07-19T13:25:13.000Z","thermometer","temperature_min","°C",28.66
"2020-07-19T13:30:15.000Z","thermometer","temperature_min","°C",28.37
"2020-07-19T13:35:13.000Z","thermometer","temperature_min","°C",28.4
"2020-07-19T13:40:14.000Z","thermometer","temperature_min","°C",28.23
"2020-07-19T13:45:13.000Z","thermometer","temperature_min","°C",29.22
"2020-07-19T13:50:14.000Z","thermometer","temperature_min","°C",29.43
"2020-07-19T13:55:13.000Z","thermometer","temperature_min","°C",29.22
"2020-07-19T14:00:14.000Z","thermometer","temperature_min","°C",28.93
"2020-07-19T14:05:13.000Z","thermometer","temperature_min","°C",28.8
"2020-07-19T14:10:22.000Z","thermometer","temperature_min","°C",28.33
"2020-07-19T14:15:13.000Z","thermometer","temperature_min","°C",28.68
"2020-07-19T14:20:14.000Z","thermometer","temperature_min","°C",28.74
"2020-07-19T14:25:14.000Z","thermometer","temperature_min","°C",28.32
"2020-07-19T14:30:20.000Z","thermometer","temperature_min","°C",28.3
"2020-07-19T14:35:13.000Z","thermometer","temperature_min","°C",28.86
"2020-07-19T14:40:15.000Z","thermometer","temperature_min","°C",29.02
"2020-07-19T14:45:12.000Z","thermometer","temperature_min","°C",28.68
"2020-07-19T14:50:15.000Z","thermometer","temperature_min","°C",28.7
"2020-07-19T14:55:12.000Z","thermometer","temperature_min","°C",28.68
"2020-07-19T15:00:13.000Z","thermometer","temperature_min","°C",28.52
"2020-07-19T15:05:20.000Z","thermometer","temperature_min","°C",28.68
"2020-07-19T15:10:19.000Z","thermometer","temperature_min","°C",28.64
"2020-07-19T15:15:14.000Z","thermometer","temperature_min","°C",28.71
"2020-07-19T15:20:14.000Z","thermometer","temperature_min","°C",28.76
"2020-07-19T15:25:13.000Z","thermometer","temperature_min","°C",28.84
"2020-07-19T15:30:15.000Z","thermometer","temperature_min","°C",29.12
"2020-07-19T15:35:13.000Z","thermometer","temperature_min","°C",28.6
"2020-07-19T15:40:20.000Z","thermometer","temperature_min","°C",28.28
"2020-07-19T15:45:13.000Z","thermometer","temperature_min","°C",28.76
"2020-07-19T15:50:20.000Z","thermometer","temperature_min","°C",28.48
"2020-07-19T15:55:12.000Z","thermometer","temperature_min","°C",28.14
"2020-07-19T16:00:14.000Z","thermometer","temperature_min","°C",28.28
"2020-07-19T16:05:14.000Z","thermometer","temperature_min","°C",28.35
"2020-07-19T16:10:31.000Z","thermometer","temperature_min","°C",28.4
"2020-07-19T16:15:12.000Z","thermometer","temperature_min","°C",28.31
"2020-07-19T16:20:15.000Z","thermometer","temperature_min","°C",27.97
"2020-07-19T16:25:12.000Z","thermometer","temperature_min","°C",28.43
"2020-07-19T16:30:14.000Z","thermometer","temperature_min","°C",28.35
"2020-07-19T16:35:13.000Z","thermometer","temperature_min","°C",27.86
"2020-07-19T16:40:15.000Z","thermometer","temperature_min","°C",27.85
"2020-07-19T16:45:13.000Z","thermometer","temperature_min","°C",27.86
"2020-07-19T16:50:13.000Z","thermometer","temperature_min","°C",28.07
"2020-07-19T16:55:14.000Z","thermometer","temperature_min","°C",27.99
"2020-07-19T17:00:13.000Z","thermometer","temperature_min","°C",27.86
"2020-07-19T17:05:14.000Z","thermometer","temperature_min","°C",27.64
"2020-07-19T17:10:13.000Z","thermometer","temperature_min","°C",27.11
"2020-07-19T17:15:14.000Z","thermometer","temperature_min","°C",25.96
"2020-07-19T17:20:13.000Z","thermometer","temperature_min","°C",25.19
"2020-07-19T17:25:15.000Z","thermometer","temperature_min","°C",25.2
"2020-07-19T17:30:13.000Z","thermometer","temperature_min","°C",25.13
"2020-07-19T17:35:13.000Z","thermometer","temperature_min","°C",24.95
"2020-07-19T17:40:13.000Z","thermometer","temperature_min","°C",24.68
"2020-07-19T17:45:14.000Z","thermometer","temperature_min","°C",24.41
"2020-07-19T17:50:14.000Z","thermometer","temperature_min","°C",24.23
"2020-07-19T17:55:13.000Z","thermometer","temperature_min","°C",23.84
"2020-07-19T18:00:15.000Z","thermometer","temperature_min","°C",23.25
"2020-07-19T18:05:12.000Z","thermometer","temperature_min","°C",22.86
"2020-07-19T18:10:14.000Z","thermometer","temperature_min","°C",22.51
"2020-07-19T18:15:13.000Z","thermometer","temperature_min","°C",22.18
"2020-07-19T18:20:14.000Z","thermometer","temperature_min","°C",22.04
"2020-07-19T18:25:14.000Z","thermometer","temperature_min","°C",21.63
"2020-07-19T18:35:14.000Z","thermometer","temperature_min","°C",21.2
"2020-07-19T18:40:14.000Z","thermometer","temperature_min","°C",20.8
"2020-07-19T18:45:13.000Z","thermometer","temperature_min","°C",20.8
"2020-07-19T18:50:13.000Z","thermometer","temperature_min","°C",20.8
"2020-07-19T18:55:14.000Z","thermometer","temperature_min","°C",20.72
"2020-07-19T19:00:13.000Z","thermometer","temperature_min","°C",20.68
"2020-07-19T19:05:14.000Z","thermometer","temperature_min","°C",20.62
"2020-07-19T19:10:14.000Z","thermometer","temperature_min","°C",20.38
"2020-07-19T19:20:31.000Z","thermometer","temperature_min","°C",20.11
"2020-07-19T19:25:12.000Z","thermometer","temperature_min","°C",20.16
"2020-07-19T19:30:14.000Z","thermometer","temperature_min","°C",20.11
"2020-07-19T19:35:13.000Z","thermometer","temperature_min","°C",19.92
"2020-07-19T19:40:14.000Z","thermometer","temperature_min","°C",19.69
"2020-07-19T19:45:14.000Z","thermometer","temperature_min","°C",19.67
"2020-07-19T19:50:13.000Z","thermometer","temperature_min","°C",19.46
"2020-07-19T19:55:14.000Z","thermometer","temperature_min","°C",19.26
"2020-07-19T20:00:13.000Z","thermometer","temperature_min","°C",19.24
"2020-07-19T20:05:15.000Z","thermometer","temperature_min","°C",19.24
"2020-07-19T20:10:12.000Z","thermometer","temperature_min","°C",19.3
"2020-07-19T20:15:15.000Z","thermometer","temperature_min","°C",19.3
"2020-07-19T20:20:12.000Z","thermometer","temperature_min","°C",19.2
"2020-07-19T20:25:15.000Z","thermometer","temperature_min","°C",18.96
"2020-07-19T20:30:13.000Z","thermometer","temperature_min","°C",18.77
"2020-07-19T20:35:13.000Z","thermometer","temperature_min","°C",18.71
"2020-07-19T20:40:13.000Z","thermometer","temperature_min","°C",18.67
"2020-07-19T20:45:15.000Z","thermometer","temperature_min","°C",18.56
"2020-07-19T20:50:13.000Z","thermometer","temperature_min","°C",18.54
"2020-07-19T20:55:13.000Z","thermometer","temperature_min","°C",18.49
"2020-07-19T21:05:13.000Z","thermometer","temperature_min","°C",18.22
"2020-07-19T21:10:14.000Z","thermometer","temperature_min","°C",18.01
"2020-07-19T21:15:19.000Z","thermometer","temperature_min","°C",17.83
"2020-07-19T21:20:14.000Z","thermometer","temperature_min","°C",17.62
"2020-07-19T21:25:19.000Z","thermometer","temperature_min","°C",17.46
"2020-07-19T21:30:20.000Z","thermometer","temperature_min","°C",17.46
"2020-07-19T21:35:18.000Z","thermometer","temperature_min","°C",17.82
"2020-07-19T21:40:20.000Z","thermometer","temperature_min","°C",18.12
"2020-07-19T21:45:25.000Z","thermometer","temperature_min","°C",18.04
"2020-07-19T21:50:19.000Z","thermometer","temperature_min","°C",17.78
"2020-07-19T21:55:16.000Z","thermometer","temperature_min","°C",17.48
"2020-07-19T22:00:31.000Z","thermometer","temperature_min","°C",17.12
"2020-07-19T22:05:14.000Z","thermometer","temperature_min","°C",16.94
"2020-07-19T22:10:20.000Z","thermometer","temperature_min","°C",16.68
"2020-07-19T22:15:13.000Z","thermometer","temperature_min","°C",16.32
"2020-07-19T22:20:19.000Z","thermometer","temperature_min","°C",15.94
"2020-07-19T22:25:15.000Z","thermometer","temperature_min","°C",15.58
"2020-07-19T22:30:14.000Z","thermometer","temperature_min","°C",15.32
"2020-07-19T22:35:13.000Z","thermometer","temperature_min","°C",15.12
"2020-07-19T22:40:20.000Z","thermometer","temperature_min","°C",15.03
"2020-07-19T22:45:12.000Z","thermometer","temperature_min","°C",14.98
"2020-07-19T22:50:29.000Z","thermometer","temperature_min","°C",14.88
"2020-07-19T22:55:12.000Z","thermometer","temperature_min","°C",14.78
"2020-07-19T23:00:14.000Z","thermometer","temperature_min","°C",14.68
"2020-07-19T23:05:14.000Z","thermometer","temperature_min","°C",14.64
"2020-07-19T23:10:14.000Z","thermometer","temperature_min","°C",14.57
"2020-07-19T23:15:13.000Z","thermometer","temperature_min","°C",14.42
"2020-07-19T23:20:14.000Z","thermometer","temperature_min","°C",14.28
"2020-07-19T23:25:13.000Z","thermometer","temperature_min","°C",14.18
"2020-07-19T23:30:14.000Z","thermometer","temperature_min","°C",14.08
"2020-07-19T23:35:13.000Z","thermometer","temperature_min","°C",13.98
"2020-07-19T23:40:14.000Z","thermometer","temperature_min","°C",13.91
"2020-07-19T23:45:13.000Z","thermometer","temperature_min","°C",13.92
"2020-07-19T23:50:15.000Z","thermometer","temperature_min","°C",13.96
"2020-07-19T23:55:13.000Z","thermometer","temperature_min","°C",13.88
"2020-07-20T00:00:13.000Z","thermometer","temperature_min","°C",13.79
"2020-07-20T00:05:14.000Z","thermometer","temperature_min","°C",13.69
"2020-07-20T00:10:13.000Z","thermometer","temperature_min","°C",13.64
"2020-07-20T00:15:14.000Z","thermometer","temperature_min","°C",13.66
"2020-07-20T00:20:13.000Z","thermometer","temperature_min","°C",13.6
"2020-07-20T00:25:14.000Z","thermometer","temperature_min","°C",13.6
"2020-07-20T00:30:13.000Z","thermometer","temperature_min","°C",13.61
"2020-07-20T00:35:31.000Z","thermometer","temperature_min","°C",13.65
"2020-07-20T00:40:12.000Z","thermometer","temperature_min","°C",13.84
"2020-07-20T00:45:14.000Z","thermometer","temperature_min","°C",13.91
"2020-07-20T00:50:14.000Z","thermometer","temperature_min","°C",13.94
"2020-07-20T00:55:13.000Z","thermometer","temperature_min","°C",13.92
"2020-07-20T01:00:15.000Z","thermometer","temperature_min","°C",13.84
"2020-07-20T01:05:12.000Z","thermometer","temperature_min","°C",13.78
"2020-07-20T01:10:13.000Z","thermometer","temperature_min","°C",13.7
"2020-07-20T01:15:14.000Z","thermometer","temperature_min","°C",13.66
"2020-07-20T01:20:15.000Z","thermometer","temperature_min","°C",13.7
"2020-07-20T01:25:12.000Z","thermometer","temperature_min","°C",13.67
"2020-07-20T01:30:14.000Z","thermometer","temperature_min","°C",13.58
"2020-07-20T01:35:14.000Z","thermometer","temperature_min","°C",13.6
"2020-07-20T01:40:13.000Z","thermometer","temperature_min","°C",13.7
"2020-07-20T01:45:15.000Z","thermometer","temperature_min","°C",13.7
"2020-07-20T01:50:12.000Z","thermometer","temperature_min","°C",13.72
"2020-07-20T01:55:14.000Z","thermometer","temperature_min","°C",13.59
"2020-07-20T02:00:13.000Z","thermometer","temperature_min","°C",13.44
"2020-07-20T02:05:15.000Z","thermometer","temperature_min","°C",13.29
"2020-07-20T02:10:13.000Z","thermometer","temperature_min","°C",13.16
"2020-07-20T02:15:13.000Z","thermometer","temperature_min","°C",13.1
"2020-07-20T02:20:14.000Z","thermometer","temperature_min","°C",13.11
"2020-07-20T02:25:13.000Z","thermometer","temperature_min","°C",13.22
"2020-07-20T02:30:15.000Z","thermometer","temperature_min","°C",13.4
"2020-07-20T02:35:28.000Z","thermometer","temperature_min","°C",13.5
"2020-07-20T02:40:13.000Z","thermometer","temperature_min","°C",13.45
"2020-07-20T02:45:14.000Z","thermometer","temperature_min","°C",13.3
"2020-07-20T02:50:13.000Z","thermometer","temperature_min","°C",13.22
"2020-07-20T02:55:14.000Z","thermometer","temperature_min","°C",13.19
"2020-07-20T03:00:13.000Z","thermometer","temperature_min","°C",13.03
"2020-07-20T03:05:14.000Z","thermometer","temperature_min","°C",12.81
"2020-07-20T03:10:13.000Z","thermometer","temperature_min","°C",12.55
"2020-07-20T03:15:14.000Z","thermometer","temperature_min","°C",12.42
"2020-07-20T03:20:13.000Z","thermometer","temperature_min","°C",12.3
"2020-07-20T03:25:15.000Z","thermometer","temperature_min","°C",12.22
"2020-07-20T03:30:13.000Z","thermometer","temperature_min","°C",12.16
"2020-07-20T03:35:13.000Z","thermometer","temperature_min","°C",12.08
"2020-07-20T03:40:13.000Z","thermometer","temperature_min","°C",11.97
"2020-07-20T03:45:14.000Z","thermometer","temperature_min","°C",11.95
"2020-07-20T03:50:14.000Z","thermometer","temperature_min","°C",11.92
"2020-07-20T03:55:13.000Z","thermometer","temperature_min","°C",11.96
"2020-07-20T04:00:14.000Z","thermometer","temperature_min","°C",11.93
"2020-07-20T04:05:13.000Z","thermometer","temperature_min","°C",11.91
"2020-07-20T04:10:15.000Z","thermometer","temperature_min","°C",11.96
"2020-07-20T04:15:13.000Z","thermometer","temperature_min","°C",12.1
"2020-07-20T04:20:13.000Z","thermometer","temperature_min","°C",12.26
"2020-07-20T04:25:14.000Z","thermometer","temperature_min","°C",12.47
"2020-07-20T04:30:14.000Z","thermometer","temperature_min","°C",12.69
"2020-07-20T04:35:13.000Z","thermometer","temperature_min","°C",13.15
"2020-07-20T04:40:14.000Z","thermometer","temperature_min","°C",13.44
"2020-07-20T04:45:13.000Z","thermometer","temperature_min","°C",13.64
"2020-07-20T04:50:15.000Z","thermometer","temperature_min","°C",14.3
"2020-07-20T04:55:12.000Z","thermometer","temperature_min","°C",14.71
"2020-07-20T05:00:31.000Z","thermometer","temperature_min","°C",14.85
"2020-07-20T05:05:12.000Z","thermometer","temperature_min","°C",15.1
"2020-07-20T05:10:14.000Z","thermometer","temperature_min","°C",15.69
"2020-07-20T05:15:14.000Z","thermometer","temperature_min","°C",16.32
"2020-07-20T05:20:13.000Z","thermometer","temperature_min","°C",17.46
"2020-07-20T05:25:14.000Z","thermometer","temperature_min","°C",17.68
"2020-07-20T05:30:13.000Z","thermometer","temperature_min","°C",17.6
"2020-07-20T05:35:14.000Z","thermometer","temperature_min","°C",17.98
"2020-07-20T05:40:13.000Z","thermometer","temperature_min","°C",19.1
"2020-07-20T05:45:14.000Z","thermometer","temperature_min","°C",19.7
"2020-07-20T05:50:14.000Z","thermometer","temperature_min","°C",19.98
"2020-07-20T05:55:28.000Z","thermometer","temperature_min","°C",20.62
"2020-07-20T06:00:14.000Z","thermometer","temperature_min","°C",21.56
"2020-07-20T06:05:13.000Z","thermometer","temperature_min","°C",22.49
"2020-07-20T06:10:14.000Z","thermometer","temperature_min","°C",22.63
"2020-07-20T06:15:13.000Z","thermometer","temperature_min","°C",22.8
"2020-07-20T06:20:14.000Z","thermometer","temperature_min","°C",22.75
"2020-07-20T06:30:12.000Z","thermometer","temperature_min","°C",23.05
"2020-07-20T06:35:13.000Z","thermometer","temperature_min","°C",23.21
"2020-07-20T06:40:15.000Z","thermometer","temperature_min","°C",23.29
"2020-07-20T06:45:13.000Z","thermometer","temperature_min","°C",23.29
"2020-07-20T06:45:13.000Z","thermometer","temperature_min","°C",23.29
"2020-07-20T06:50:13.000Z","thermometer","temperature_min","°C",23.72
"2020-07-20T06:55:15.000Z","thermometer","temperature_min","°C",23.99
"2020-07-20T07:00:12.000Z","thermometer","temperature_min","°C",24
"2020-07-20T07:05:13.000Z","thermometer","temperature_min","°C",24.24
"2020-07-20T07:10:15.000Z","thermometer","temperature_min","°C",24.2
"2020-07-20T07:15:13.000Z","thermometer","temperature_min","°C",24.64
"2020-07-20T07:20:13.000Z","thermometer","temperature_min","°C",24.46
"2020-07-20T07:25:14.000Z","thermometer","temperature_min","°C",24.67
"2020-07-20T07:30:14.000Z","thermometer","temperature_min","°C",25.2
"2020-07-20T07:35:14.000Z","thermometer","temperature_min","°C",25.56
"2020-07-20T07:40:13.000Z","thermometer","temperature_min","°C",25.8
"2020-07-20T07:45:13.000Z","thermometer","temperature_min","°C",25.98
"2020-07-20T07:50:13.000Z","thermometer","temperature_min","°C",26.42
"2020-07-20T07:55:15.000Z","thermometer","temperature_min","°C",26.66
"2020-07-20T08:00:13.000Z","thermometer","temperature_min","°C",26.62
"2020-07-20T08:05:31.000Z","thermometer","temperature_min","°C",26.3
"2020-07-20T08:10:12.000Z","thermometer","temperature_min","°C",26.68
"2020-07-20T08:15:14.000Z","thermometer","temperature_min","°C",27.01
"2020-07-20T08:20:13.000Z","thermometer","temperature_min","°C",27.28
"2020-07-20T08:25:15.000Z","thermometer","temperature_min","°C",26.71
"2020-07-20T08:30:12.000Z","thermometer","temperature_min","°C",27.62
"2020-07-20T08:35:15.000Z","thermometer","temperature_min","°C",27.89
"2020-07-20T08:40:13.000Z","thermometer","temperature_min","°C",27.94
"2020-07-20T08:45:13.000Z","thermometer","temperature_min","°C",28.56
"2020-07-20T08:50:13.000Z","thermometer","temperature_min","°C",28.33
"2020-07-20T08:55:15.000Z","thermometer","temperature_min","°C",28.21
"2020-07-20T09:00:13.000Z","thermometer","temperature_min","°C",27.66
"2020-07-20T09:05:13.000Z","thermometer","temperature_min","°C",28.2
"2020-07-20T09:10:15.000Z","thermometer","temperature_min","°C",28.04
"2020-07-20T09:15:13.000Z","thermometer","temperature_min","°C",28.4
"2020-07-20T09:20:28.000Z","thermometer","temperature_min","°C",28.04
"2020-07-20T09:25:14.000Z","thermometer","temperature_min","°C",28.85
"2020-07-20T09:30:13.000Z","thermometer","temperature_min","°C",29.4
"2020-07-20T09:35:13.000Z","thermometer","temperature_min","°C",28.2
"2020-07-20T09:40:14.000Z","thermometer","temperature_min","°C",28.4
"2020-07-20T09:45:14.000Z","thermometer","temperature_min","°C",29.3
"2020-07-20T09:50:13.000Z","thermometer","temperature_min","°C",30.3
"2020-07-20T09:55:15.000Z","thermometer","temperature_min","°C",29.92
"2020-07-20T10:00:12.000Z","thermometer","temperature_min","°C",29.81
"2020-07-20T10:05:15.000Z","thermometer","temperature_min","°C",28.72
"2020-07-20T10:10:15.000Z","thermometer","temperature_min","°C",28.85
"2020-07-20T10:15:13.000Z","thermometer","temperature_min","°C",30.54
"2020-07-20T10:20:14.000Z","thermometer","temperature_min","°C",30.22
"2020-07-20T10:25:13.000Z","thermometer","temperature_min","°C",29.48
"2020-07-20T10:30:14.000Z","thermometer","temperature_min","°C",29.4
"2020-07-20T10:35:13.000Z","thermometer","temperature_min","°C",29.3
"2020-07-20T10:40:14.000Z","thermometer","temperature_min","°C",30.1
"2020-07-20T10:45:13.000Z","thermometer","temperature_min","°C",30.12
"2020-07-20T10:50:14.000Z","thermometer","temperature_min","°C",30.33
"2020-07-20T10:55:13.000Z","thermometer","temperature_min","°C",30.18
"2020-07-20T11:00:15.000Z","thermometer","temperature_min","°C",30.38
"2020-07-20T11:05:15.000Z","thermometer","temperature_min","°C",29.86
"2020-07-20T11:10:13.000Z","thermometer","temperature_min","°C",30.22
"2020-07-20T11:15:14.000Z","thermometer","temperature_min","°C",30.53
"2020-07-20T11:20:13.000Z","thermometer","temperature_min","°C",30.52
"2020-07-20T11:25:14.000Z","thermometer","temperature_min","°C",29.69
"2020-07-20T11:30:13.000Z","thermometer","temperature_min","°C",30.02
"2020-07-20T11:30:13.000Z","thermometer","temperature_min","°C",30.02
"2020-07-20T11:35:15.000Z","thermometer","temperature_min","°C",29.42
"2020-07-20T11:40:13.000Z","thermometer","temperature_min","°C",30.05
"2020-07-20T11:45:13.000Z","thermometer","temperature_min","°C",30.52
"2020-07-20T11:50:14.000Z","thermometer","temperature_min","°C",31.06
"2020-07-20T11:55:13.000Z","thermometer","temperature_min","°C",31.44
"2020-07-20T12:00:14.000Z","thermometer","temperature_min","°C",31.33
"2020-07-20T12:05:13.000Z","thermometer","temperature_min","°C",31.87
"2020-07-20T12:10:14.000Z","thermometer","temperature_min","°C",31.44
"2020-07-20T12:15:13.000Z","thermometer","temperature_min","°C",31.54
"2020-07-20T12:20:14.000Z","thermometer","temperature_min","°C",31.21
"2020-07-20T12:25:13.000Z","thermometer","temperature_min","°C",30.73
"2020-07-20T12:30:14.000Z","thermometer","temperature_min","°C",30.94
"2020-07-20T12:35:14.000Z","thermometer","temperature_min","°C",31.95
"2020-07-20T12:40:13.000Z","thermometer","temperature_min","°C",31.28
"2020-07-20T12:45:14.000Z","thermometer","temperature_min","°C",31.38
"2020-07-20T12:45:14.000Z","thermometer","temperature_min","°C",31.38
"2020-07-20T12:50:13.000Z","thermometer","temperature_min","°C",31.33
"2020-07-20T12:55:14.000Z","thermometer","temperature_min","°C",31.32
"2020-07-20T13:00:13.000Z","thermometer","temperature_min","°C",31.41
"2020-07-20T13:05:14.000Z","thermometer","temperature_min","°C",31.17
"2020-07-20T13:10:13.000Z","thermometer","temperature_min","°C",31.28
"2020-07-20T13:15:15.000Z","thermometer","temperature_min","°C",32.17
"2020-07-20T13:20:13.000Z","thermometer","temperature_min","°C",31.69
"2020-07-20T13:25:31.000Z","thermometer","temperature_min","°C",32.06
"2020-07-20T13:30:12.000Z","thermometer","temperature_min","°C",31.89
"2020-07-20T13:35:13.000Z","thermometer","temperature_min","°C",31.66
"2020-07-20T13:40:14.000Z","thermometer","temperature_min","°C",31.46
"2020-07-20T13:45:14.000Z","thermometer","temperature_min","°C",31.82
"2020-07-20T13:50:13.000Z","thermometer","temperature_min","°C",32.54
"2020-07-20T13:55:14.000Z","thermometer","temperature_min","°C",32.92
"2020-07-20T14:00:13.000Z","thermometer","temperature_min","°C",32.68
"2020-07-20T14:05:14.000Z","thermometer","temperature_min","°C",30.73
"2020-07-20T14:10:13.000Z","thermometer","temperature_min","°C",30.63
"2020-07-20T14:15:25.000Z","thermometer","temperature_min","°C",30.5
"2020-07-20T14:20:19.000Z","thermometer","temperature_min","°C",30.37
"2020-07-20T14:25:16.000Z","thermometer","temperature_min","°C",30.34
"2020-07-20T14:30:20.000Z","thermometer","temperature_min","°C",30.1
"2020-07-20T14:35:14.000Z","thermometer","temperature_min","°C",30.46
"2020-07-20T14:40:14.000Z","thermometer","temperature_min","°C",30.31
"2020-07-20T14:45:28.000Z","thermometer","temperature_min","°C",30.39
"2020-07-20T14:50:14.000Z","thermometer","temperature_min","°C",30.31
"2020-07-20T14:55:14.000Z","thermometer","temperature_min","°C",29.75
"2020-07-20T15:00:13.000Z","thermometer","temperature_min","°C",30.02
"2020-07-20T15:05:14.000Z","thermometer","temperature_min","°C",29.85
"2020-07-20T15:10:13.000Z","thermometer","temperature_min","°C",29.87
"2020-07-20T15:15:14.000Z","thermometer","temperature_min","°C",29.63
"2020-07-20T15:20:13.000Z","thermometer","temperature_min","°C",29.74
"2020-07-20T15:25:14.000Z","thermometer","temperature_min","°C",29.37
"2020-07-20T15:30:13.000Z","thermometer","temperature_min","°C",29.56
"2020-07-20T15:35:14.000Z","thermometer","temperature_min","°C",29.51
"2020-07-20T15:40:13.000Z","thermometer","temperature_min","°C",29.53
"2020-07-20T15:45:14.000Z","thermometer","temperature_min","°C",29.44
"2020-07-20T15:50:14.000Z","thermometer","temperature_min","°C",29.52
"2020-07-20T15:55:13.000Z","thermometer","temperature_min","°C",29.08
"2020-07-20T16:00:14.000Z","thermometer","temperature_min","°C",28.89
"2020-07-20T16:05:16.000Z","thermometer","temperature_min","°C",29.12
"2020-07-20T16:10:13.000Z","thermometer","temperature_min","°C",29.02
"2020-07-20T16:15:13.000Z","thermometer","temperature_min","°C",28.69
"2020-07-20T16:20:15.000Z","thermometer","temperature_min","°C",28.49
"2020-07-20T16:25:13.000Z","thermometer","temperature_min","°C",28.29
"2020-07-20T16:30:13.000Z","thermometer","temperature_min","°C",28.36
"2020-07-20T16:35:26.000Z","thermometer","temperature_min","°C",28.27
"2020-07-20T16:40:15.000Z","thermometer","temperature_min","°C",28.18
"2020-07-20T16:45:14.000Z","thermometer","temperature_min","°C",28.1
"2020-07-20T16:50:13.000Z","thermometer","temperature_min","°C",27.98
"2020-07-20T16:55:14.000Z","thermometer","temperature_min","°C",28
"2020-07-20T17:00:19.000Z","thermometer","temperature_min","°C",27.96
"2020-07-20T17:05:14.000Z","thermometer","temperature_min","°C",27.44
"2020-07-20T17:10:14.000Z","thermometer","temperature_min","°C",27.37
"2020-07-20T17:15:13.000Z","thermometer","temperature_min","°C",27.23
"2020-07-20T17:20:15.000Z","thermometer","temperature_min","°C",27.22
"2020-07-20T17:30:13.000Z","thermometer","temperature_min","°C",26.8
"2020-07-20T17:35:13.000Z","thermometer","temperature_min","°C",26.64
"2020-07-20T17:40:15.000Z","thermometer","temperature_min","°C",26.33
"2020-07-20T17:45:13.000Z","thermometer","temperature_min","°C",26.15
"2020-07-20T17:50:13.000Z","thermometer","temperature_min","°C",25.94
"2020-07-20T17:55:14.000Z","thermometer","temperature_min","°C",25.5
"2020-07-20T18:00:13.000Z","thermometer","temperature_min","°C",25.16
"2020-07-20T18:05:13.000Z","thermometer","temperature_min","°C",24.98
"2020-07-20T18:10:14.000Z","thermometer","temperature_min","°C",24.78
"2020-07-20T18:15:14.000Z","thermometer","temperature_min","°C",24.58
"2020-07-20T18:20:31.000Z","thermometer","temperature_min","°C",24.42
"2020-07-20T18:25:12.000Z","thermometer","temperature_min","°C",24.45
"2020-07-20T18:30:13.000Z","thermometer","temperature_min","°C",24.3
"2020-07-20T18:35:23.000Z","thermometer","temperature_min","°C",24.1
"2020-07-20T18:40:13.000Z","thermometer","temperature_min","°C",23.84
"2020-07-20T18:45:13.000Z","thermometer","temperature_min","°C",23.6
"2020-07-20T18:50:14.000Z","thermometer","temperature_min","°C",23.49
"2020-07-20T18:55:13.000Z","thermometer","temperature_min","°C",23.32
"2020-07-20T19:00:15.000Z","thermometer","temperature_min","°C",23.22
"2020-07-20T19:05:14.000Z","thermometer","temperature_min","°C",23.42
"2020-07-20T19:10:14.000Z","thermometer","temperature_min","°C",23.57
"2020-07-20T19:15:14.000Z","thermometer","temperature_min","°C",23.1
"2020-07-20T19:20:13.000Z","thermometer","temperature_min","°C",22.91
"2020-07-20T19:25:18.000Z","thermometer","temperature_min","°C",22.87
"2020-07-20T19:30:13.000Z","thermometer","temperature_min","°C",23.05
"2020-07-20T19:35:15.000Z","thermometer","temperature_min","°C",23.26
"2020-07-20T19:40:13.000Z","thermometer","temperature_min","°C",23.03
"2020-07-20T19:45:13.000Z","thermometer","temperature_min","°C",22.74
"2020-07-20T19:50:14.000Z","thermometer","temperature_min","°C",22.04
"2020-07-20T19:55:13.000Z","thermometer","temperature_min","°C",21.46
"2020-07-20T20:00:31.000Z","thermometer","temperature_min","°C",21.2
"2020-07-20T20:05:12.000Z","thermometer","temperature_min","°C",20.92
"2020-07-20T20:10:14.000Z","thermometer","temperature_min","°C",20.6
"2020-07-20T20:15:13.000Z","thermometer","temperature_min","°C",20.44
"2020-07-20T20:20:14.000Z","thermometer","temperature_min","°C",20.12
"2020-07-20T20:25:14.000Z","thermometer","temperature_min","°C",19.76
"2020-07-20T20:30:14.000Z","thermometer","temperature_min","°C",19.22
"2020-07-20T20:35:13.000Z","thermometer","temperature_min","°C",18.69
"2020-07-20T20:40:13.000Z","thermometer","temperature_min","°C",18.5
"2020-07-20T20:45:15.000Z","thermometer","temperature_min","°C",18.45
"2020-07-20T20:50:12.000Z","thermometer","temperature_min","°C",18.45
"2020-07-20T20:55:14.000Z","thermometer","temperature_min","°C",19.16
"2020-07-20T20:55:14.000Z","thermometer","temperature_min","°C",19.16
"2020-07-20T21:00:13.000Z","thermometer","temperature_min","°C",19.03
"2020-07-20T21:05:14.000Z","thermometer","temperature_min","°C",18.77
"2020-07-20T21:10:13.000Z","thermometer","temperature_min","°C",18.45
"2020-07-20T21:15:15.000Z","thermometer","temperature_min","°C",18.15
"2020-07-20T21:20:13.000Z","thermometer","temperature_min","°C",18
"2020-07-20T21:25:13.000Z","thermometer","temperature_min","°C",17.92
"2020-07-20T21:30:14.000Z","thermometer","temperature_min","°C",17.84
"2020-07-20T21:35:13.000Z","thermometer","temperature_min","°C",17.71
"2020-07-20T21:40:20.000Z","thermometer","temperature_min","°C",17.64
"2020-07-20T21:45:14.000Z","thermometer","temperature_min","°C",17.72
"2020-07-20T21:50:13.000Z","thermometer","temperature_min","°C",17.64
"2020-07-20T21:55:14.000Z","thermometer","temperature_min","°C",17.54
"2020-07-20T22:00:13.000Z","thermometer","temperature_min","°C",17.57
"2020-07-20T22:05:15.000Z","thermometer","temperature_min","°C",17.82
"2020-07-20T22:10:12.000Z","thermometer","temperature_min","°C",17.79
"2020-07-20T22:15:14.000Z","thermometer","temperature_min","°C",17.74
"2020-07-20T22:20:13.000Z","thermometer","temperature_min","°C",17.62
"2020-07-20T22:25:14.000Z","thermometer","temperature_min","°C",17.38
"2020-07-20T22:30:14.000Z","thermometer","temperature_min","°C",17.2
"2020-07-20T22:35:13.000Z","thermometer","temperature_min","°C",17.02
"2020-07-20T22:40:14.000Z","thermometer","temperature_min","°C",16.9
"2020-07-20T22:45:13.000Z","thermometer","temperature_min","°C",16.85
"2020-07-20T22:50:14.000Z","thermometer","temperature_min","°C",16.9
"2020-07-20T22:55:14.000Z","thermometer","temperature_min","°C",16.92
"2020-07-20T23:00:28.000Z","thermometer","temperature_min","°C",16.8
"2020-07-20T23:05:14.000Z","thermometer","temperature_min","°C",16.67
"2020-07-20T23:10:13.000Z","thermometer","temperature_min","°C",16.56
"2020-07-20T23:15:13.000Z","thermometer","temperature_min","°C",16.53
"2020-07-20T23:20:14.000Z","thermometer","temperature_min","°C",16.54
"2020-07-20T23:25:14.000Z","thermometer","temperature_min","°C",16.52
"2020-07-20T23:30:13.000Z","thermometer","temperature_min","°C",16.43
"2020-07-20T23:35:13.000Z","thermometer","temperature_min","°C",16.38
"2020-07-20T23:40:14.000Z","thermometer","temperature_min","°C",16.36
"2020-07-20T23:45:14.000Z","thermometer","temperature_min","°C",16.24
"2020-07-20T23:50:13.000Z","thermometer","temperature_min","°C",16.2
"2020-07-20T23:55:14.000Z","thermometer","temperature_min","°C",16.16
"2020-07-21T00:00:13.000Z","thermometer","temperature_min","°C",16.21
"2020-07-21T00:05:14.000Z","thermometer","temperature_min","°C",16.25
"2020-07-21T00:10:14.000Z","thermometer","temperature_min","°C",16.16
"2020-07-21T00:15:13.000Z","thermometer","temperature_min","°C",16.05
"2020-07-21T00:20:14.000Z","thermometer","temperature_min","°C",15.98
"2020-07-21T00:25:13.000Z","thermometer","temperature_min","°C",15.92
"2020-07-21T00:30:15.000Z","thermometer","temperature_min","°C",15.83
"2020-07-21T00:35:13.000Z","thermometer","temperature_min","°C",15.79
"2020-07-21T00:40:13.000Z","thermometer","temperature_min","°C",15.79
"2020-07-21T00:45:13.000Z","thermometer","temperature_min","°C",15.75
"2020-07-21T00:50:15.000Z","thermometer","temperature_min","°C",15.68
"2020-07-21T00:55:13.000Z","thermometer","temperature_min","°C",15.67
"2020-07-21T01:00:13.000Z","thermometer","temperature_min","°C",15.71
"2020-07-21T01:05:15.000Z","thermometer","temperature_min","°C",15.84
"2020-07-21T01:10:12.000Z","thermometer","temperature_min","°C",15.9
"2020-07-21T01:15:15.000Z","thermometer","temperature_min","°C",15.82
"2020-07-21T01:20:13.000Z","thermometer","temperature_min","°C",15.67
"2020-07-21T01:25:13.000Z","thermometer","temperature_min","°C",15.62
"2020-07-21T01:30:13.000Z","thermometer","temperature_min","°C",15.56
"2020-07-21T01:35:14.000Z","thermometer","temperature_min","°C",15.53
"2020-07-21T01:40:14.000Z","thermometer","temperature_min","°C",15.43
"2020-07-21T01:45:13.000Z","thermometer","temperature_min","°C",15.3
"2020-07-21T01:50:14.000Z","thermometer","temperature_min","°C",15.28
"2020-07-21T01:55:20.000Z","thermometer","temperature_min","°C",15.36
"2020-07-21T02:00:13.000Z","thermometer","temperature_min","°C",15.44
"2020-07-21T02:05:13.000Z","thermometer","temperature_min","°C",15.48
"2020-07-21T02:10:15.000Z","thermometer","temperature_min","°C",15.46
"2020-07-21T02:15:13.000Z","thermometer","temperature_min","°C",15.41
"2020-07-21T02:20:13.000Z","thermometer","temperature_min","°C",15.34
"2020-07-21T02:25:14.000Z","thermometer","temperature_min","°C",15.31
"2020-07-21T02:30:13.000Z","thermometer","temperature_min","°C",15.35
"2020-07-21T02:35:14.000Z","thermometer","temperature_min","°C",15.34
"2020-07-21T02:40:13.000Z","thermometer","temperature_min","°C",15.37
"2020-07-21T02:45:14.000Z","thermometer","temperature_min","°C",15.36
"2020-07-21T02:50:13.000Z","thermometer","temperature_min","°C",15.34
"2020-07-21T02:55:14.000Z","thermometer","temperature_min","°C",15.28
"2020-07-21T03:00:14.000Z","thermometer","temperature_min","°C",15.19
"2020-07-21T03:05:13.000Z","thermometer","temperature_min","°C",15.1
"2020-07-21T03:10:14.000Z","thermometer","temperature_min","°C",15.02
"2020-07-21T03:15:13.000Z","thermometer","temperature_min","°C",15.02
"2020-07-21T03:20:15.000Z","thermometer","temperature_min","°C",15
"2020-07-21T03:25:13.000Z","thermometer","temperature_min","°C",14.97
"2020-07-21T03:30:12.000Z","thermometer","temperature_min","°C",14.96
"2020-07-21T03:35:14.000Z","thermometer","temperature_min","°C",14.85
"2020-07-21T03:40:14.000Z","thermometer","temperature_min","°C",14.7
"2020-07-21T03:45:19.000Z","thermometer","temperature_min","°C",14.58
"2020-07-21T03:50:15.000Z","thermometer","temperature_min","°C",14.52
"2020-07-21T03:55:13.000Z","thermometer","temperature_min","°C",14.47
"2020-07-21T04:00:28.000Z","thermometer","temperature_min","°C",14.49
"2020-07-21T04:05:14.000Z","thermometer","temperature_min","°C",14.54
"2020-07-21T04:10:14.000Z","thermometer","temperature_min","°C",14.7
"2020-07-21T04:15:13.000Z","thermometer","temperature_min","°C",14.85
"2020-07-21T04:20:14.000Z","thermometer","temperature_min","°C",15.07
"2020-07-21T04:25:13.000Z","thermometer","temperature_min","°C",15.32
"2020-07-21T04:30:15.000Z","thermometer","temperature_min","°C",15.6
"2020-07-21T04:35:13.000Z","thermometer","temperature_min","°C",15.96
"2020-07-21T04:40:13.000Z","thermometer","temperature_min","°C",16.37
"2020-07-21T04:45:15.000Z","thermometer","temperature_min","°C",16.51
"2020-07-21T04:50:12.000Z","thermometer","temperature_min","°C",16.76
"2020-07-21T04:55:15.000Z","thermometer","temperature_min","°C",17.26
"2020-07-21T05:00:12.000Z","thermometer","temperature_min","°C",17.62
"2020-07-21T05:05:14.000Z","thermometer","temperature_min","°C",17.83
"2020-07-21T05:10:13.000Z","thermometer","temperature_min","°C",18.44
"2020-07-21T05:15:15.000Z","thermometer","temperature_min","°C",19
"2020-07-21T05:20:13.000Z","thermometer","temperature_min","°C",19.36
"2020-07-21T05:25:13.000Z","thermometer","temperature_min","°C",19.96
"2020-07-21T05:30:14.000Z","thermometer","temperature_min","°C",20.74
"2020-07-21T05:35:13.000Z","thermometer","temperature_min","°C",21.14
"2020-07-21T05:40:14.000Z","thermometer","temperature_min","°C",21.98
"2020-07-21T05:45:14.000Z","thermometer","temperature_min","°C",22.47
"2020-07-21T05:50:13.000Z","thermometer","temperature_min","°C",23.44
"2020-07-21T05:55:14.000Z","thermometer","temperature_min","°C",24.19
"2020-07-21T06:00:13.000Z","thermometer","temperature_min","°C",24.68
"2020-07-21T06:05:14.000Z","thermometer","temperature_min","°C",24.72
"2020-07-21T06:10:13.000Z","thermometer","temperature_min","°C",25.06
"2020-07-21T06:15:14.000Z","thermometer","temperature_min","°C",25.1
"2020-07-21T06:20:13.000Z","thermometer","temperature_min","°C",25.17
"2020-07-21T06:25:14.000Z","thermometer","temperature_min","°C",25.32
"2020-07-21T06:30:13.000Z","thermometer","temperature_min","°C",25.24
"2020-07-21T06:35:14.000Z","thermometer","temperature_min","°C",25.85
"2020-07-21T06:40:14.000Z","thermometer","temperature_min","°C",26.08
"2020-07-21T06:40:14.000Z","thermometer","temperature_min","°C",26.08
"2020-07-21T06:45:13.000Z","thermometer","temperature_min","°C",26.25
"2020-07-21T06:50:14.000Z","thermometer","temperature_min","°C",26.4
"2020-07-21T06:55:13.000Z","thermometer","temperature_min","°C",26.51
"2020-07-21T07:00:15.000Z","thermometer","temperature_min","°C",27.01
"2020-07-21T07:05:12.000Z","thermometer","temperature_min","°C",27.03
"2020-07-21T07:10:13.000Z","thermometer","temperature_min","°C",27.15
"2020-07-21T07:15:15.000Z","thermometer","temperature_min","°C",27.68
"2020-07-21T07:20:13.000Z","thermometer","temperature_min","°C",27.46
"2020-07-21T07:25:14.000Z","thermometer","temperature_min","°C",27.84
"2020-07-21T07:30:13.000Z","thermometer","temperature_min","°C",27.77
"2020-07-21T07:35:14.000Z","thermometer","temperature_min","°C",27.94
"2020-07-21T07:40:20.000Z","thermometer","temperature_min","°C",28.14
"2020-07-21T07:45:13.000Z","thermometer","temperature_min","°C",28.14
"2020-07-21T07:50:13.000Z","thermometer","temperature_min","°C",28.53
"2020-07-21T07:55:14.000Z","thermometer","temperature_min","°C",28.7
"2020-07-21T08:00:31.000Z","thermometer","temperature_min","°C",29.18
"2020-07-21T08:05:12.000Z","thermometer","temperature_min","°C",29.57
"2020-07-21T08:10:14.000Z","thermometer","temperature_min","°C",29.19
"2020-07-21T08:15:13.000Z","thermometer","temperature_min","°C",29.38
"2020-07-21T08:20:14.000Z","thermometer","temperature_min","°C",29.39
"2020-07-21T08:25:13.000Z","thermometer","temperature_min","°C",29.88
"2020-07-21T08:30:14.000Z","thermometer","temperature_min","°C",29.86
"2020-07-21T08:30:14.000Z","thermometer","temperature_min","°C",29.86
"2020-07-21T08:35:13.000Z","thermometer","temperature_min","°C",29.81
"2020-07-21T08:40:15.000Z","thermometer","temperature_min","°C",29.57
"2020-07-21T08:45:13.000Z","thermometer","temperature_min","°C",29.88
"2020-07-21T08:50:13.000Z","thermometer","temperature_min","°C",29.8
"2020-07-21T09:00:13.000Z","thermometer","temperature_min","°C",31.31
"2020-07-21T09:05:15.000Z","thermometer","temperature_min","°C",30.85
"2020-07-21T09:10:12.000Z","thermometer","temperature_min","°C",31.76
"2020-07-21T09:15:27.000Z","thermometer","temperature_min","°C",30.62
"2020-07-21T09:20:12.000Z","thermometer","temperature_min","°C",30.43
"2020-07-21T09:25:14.000Z","thermometer","temperature_min","°C",31.57
"2020-07-21T09:30:14.000Z","thermometer","temperature_min","°C",31.37
"2020-07-21T09:35:13.000Z","thermometer","temperature_min","°C",30.37
"2020-07-21T09:40:14.000Z","thermometer","temperature_min","°C",30.85
"2020-07-21T09:45:13.000Z","thermometer","temperature_min","°C",31.39
"2020-07-21T09:50:14.000Z","thermometer","temperature_min","°C",31.72
"2020-07-21T09:55:31.000Z","thermometer","temperature_min","°C",31
"2020-07-21T10:00:12.000Z","thermometer","temperature_min","°C",30.94
"2020-07-21T10:05:14.000Z","thermometer","temperature_min","°C",31.16
"2020-07-21T10:10:13.000Z","thermometer","temperature_min","°C",31.14
"2020-07-21T10:15:15.000Z","thermometer","temperature_min","°C",31.55
"2020-07-21T10:15:15.000Z","thermometer","temperature_min","°C",31.55
"2020-07-21T10:20:12.000Z","thermometer","temperature_min","°C",31.55
"2020-07-21T10:25:13.000Z","thermometer","temperature_min","°C",29.83
"2020-07-21T10:30:14.000Z","thermometer","temperature_min","°C",29.61
"2020-07-21T10:35:15.000Z","thermometer","temperature_min","°C",30.89
"2020-07-21T10:40:13.000Z","thermometer","temperature_min","°C",31.81
"2020-07-21T10:45:13.000Z","thermometer","temperature_min","°C",32.22
"2020-07-21T10:50:14.000Z","thermometer","temperature_min","°C",32.36
"2020-07-21T10:55:13.000Z","thermometer","temperature_min","°C",32.22
"2020-07-21T11:00:14.000Z","thermometer","temperature_min","°C",31.93
"2020-07-21T11:05:13.000Z","thermometer","temperature_min","°C",31.78
"2020-07-21T11:10:14.000Z","thermometer","temperature_min","°C",31.88
"2020-07-21T11:15:13.000Z","thermometer","temperature_min","°C",31.93
"2020-07-21T11:20:14.000Z","thermometer","temperature_min","°C",31.93
"2020-07-21T11:25:14.000Z","thermometer","temperature_min","°C",32.02
"2020-07-21T11:30:13.000Z","thermometer","temperature_min","°C",32.13
"2020-07-21T11:35:14.000Z","thermometer","temperature_min","°C",32.06
"2020-07-21T11:45:14.000Z","thermometer","temperature_min","°C",31.88
"2020-07-21T11:50:13.000Z","thermometer","temperature_min","°C",32.1
"2020-07-21T12:00:13.000Z","thermometer","temperature_min","°C",33.31
"2020-07-21T12:05:15.000Z","thermometer","temperature_min","°C",33.03
"2020-07-21T12:10:13.000Z","thermometer","temperature_min","°C",32.53
"2020-07-21T12:15:13.000Z","thermometer","temperature_min","°C",32.28
"2020-07-21T12:20:14.000Z","thermometer","temperature_min","°C",32.15
"2020-07-21T12:25:13.000Z","thermometer","temperature_min","°C",32.42
"2020-07-21T12:30:15.000Z","thermometer","temperature_min","°C",32.36
"2020-07-21T12:35:13.000Z","thermometer","temperature_min","°C",32.48
"2020-07-21T12:40:12.000Z","thermometer","temperature_min","°C",32.9
"2020-07-21T12:45:14.000Z","thermometer","temperature_min","°C",32.78
"2020-07-21T12:50:14.000Z","thermometer","temperature_min","°C",32.94
"2020-07-21T12:55:13.000Z","thermometer","temperature_min","°C",32.85
"2020-07-21T13:00:14.000Z","thermometer","temperature_min","°C",32.87
"2020-07-21T13:05:14.000Z","thermometer","temperature_min","°C",33.19
"2020-07-21T13:10:13.000Z","thermometer","temperature_min","°C",33.2
"2020-07-21T13:15:13.000Z","thermometer","temperature_min","°C",33.47
"2020-07-21T13:20:15.000Z","thermometer","temperature_min","°C",32.84
"2020-07-21T13:25:28.000Z","thermometer","temperature_min","°C",32.7
"2020-07-21T13:30:14.000Z","thermometer","temperature_min","°C",32.54
"2020-07-21T13:35:13.000Z","thermometer","temperature_min","°C",32.65
"2020-07-21T13:40:14.000Z","thermometer","temperature_min","°C",32.1
"2020-07-21T13:45:13.000Z","thermometer","temperature_min","°C",31.85
"2020-07-21T13:50:13.000Z","thermometer","temperature_min","°C",32.23
"2020-07-21T13:55:14.000Z","thermometer","temperature_min","°C",32.65
"2020-07-21T14:00:15.000Z","thermometer","temperature_min","°C",32.3
"2020-07-21T14:05:13.000Z","thermometer","temperature_min","°C",32.59
"2020-07-21T14:10:13.000Z","thermometer","temperature_min","°C",32.02
"2020-07-21T14:15:14.000Z","thermometer","temperature_min","°C",31.65
"2020-07-21T14:20:13.000Z","thermometer","temperature_min","°C",31.64
"2020-07-21T14:25:14.000Z","thermometer","temperature_min","°C",31.73
"2020-07-21T14:30:13.000Z","thermometer","temperature_min","°C",31.64
"2020-07-21T14:35:14.000Z","thermometer","temperature_min","°C",31.38
"2020-07-21T14:40:13.000Z","thermometer","temperature_min","°C",31.26
"2020-07-21T14:45:15.000Z","thermometer","temperature_min","°C",31.4
"2020-07-21T14:50:12.000Z","thermometer","temperature_min","°C",31.29
"2020-07-21T14:55:14.000Z","thermometer","temperature_min","°C",31.75
"2020-07-21T15:00:13.000Z","thermometer","temperature_min","°C",31.47
"2020-07-21T15:05:15.000Z","thermometer","temperature_min","°C",31.18
"2020-07-21T15:10:13.000Z","thermometer","temperature_min","°C",31.48
"2020-07-21T15:15:13.000Z","thermometer","temperature_min","°C",31.02
"2020-07-21T15:20:13.000Z","thermometer","temperature_min","°C",31.24
"2020-07-21T15:25:14.000Z","thermometer","temperature_min","°C",31.2
"2020-07-21T15:30:15.000Z","thermometer","temperature_min","°C",31.14
"2020-07-21T15:35:13.000Z","thermometer","temperature_min","°C",30.91
"2020-07-21T15:40:13.000Z","thermometer","temperature_min","°C",30.56
"2020-07-21T15:45:14.000Z","thermometer","temperature_min","°C",30.83
"2020-07-21T15:50:13.000Z","thermometer","temperature_min","°C",30.55
"2020-07-21T15:55:14.000Z","thermometer","temperature_min","°C",30.4
"2020-07-21T15:55:14.000Z","thermometer","temperature_min","°C",30.4
"2020-07-21T16:00:13.000Z","thermometer","temperature_min","°C",30.38
"2020-07-21T16:05:14.000Z","thermometer","temperature_min","°C",30.25
"2020-07-21T16:10:13.000Z","thermometer","temperature_min","°C",29.92
"2020-07-21T16:15:13.000Z","thermometer","temperature_min","°C",29.94
"2020-07-21T16:20:16.000Z","thermometer","temperature_min","°C",29.94
"2020-07-21T16:25:12.000Z","thermometer","temperature_min","°C",29.72
"2020-07-21T16:30:14.000Z","thermometer","temperature_min","°C",29.72
"2020-07-21T16:35:13.000Z","thermometer","temperature_min","°C",29.62
"2020-07-21T16:40:14.000Z","thermometer","temperature_min","°C",29.55
"2020-07-21T16:45:13.000Z","thermometer","temperature_min","°C",29.43
"2020-07-21T16:50:14.000Z","thermometer","temperature_min","°C",29.36
"2020-07-21T16:55:13.000Z","thermometer","temperature_min","°C",29.47
"2020-07-21T17:00:14.000Z","thermometer","temperature_min","°C",29.27
"2020-07-21T17:05:13.000Z","thermometer","temperature_min","°C",29.08
"2020-07-21T17:10:14.000Z","thermometer","temperature_min","°C",28.99
"2020-07-21T17:15:14.000Z","thermometer","temperature_min","°C",28.82
"2020-07-21T17:20:13.000Z","thermometer","temperature_min","°C",28.72
"2020-07-21T17:25:14.000Z","thermometer","temperature_min","°C",28.44
"2020-07-21T17:30:13.000Z","thermometer","temperature_min","°C",28.39
"2020-07-21T17:35:14.000Z","thermometer","temperature_min","°C",28.16
"2020-07-21T17:40:14.000Z","thermometer","temperature_min","°C",28.04
"2020-07-21T17:45:13.000Z","thermometer","temperature_min","°C",27.9
"2020-07-21T17:50:14.000Z","thermometer","temperature_min","°C",27.68
"2020-07-21T17:55:13.000Z","thermometer","temperature_min","°C",27.27
"2020-07-21T18:00:14.000Z","thermometer","temperature_min","°C",26.97
"2020-07-21T18:05:13.000Z","thermometer","temperature_min","°C",26.61
"2020-07-21T18:10:13.000Z","thermometer","temperature_min","°C",26.36
"2020-07-21T18:20:15.000Z","thermometer","temperature_min","°C",25.96
"2020-07-21T18:25:13.000Z","thermometer","temperature_min","°C",25.75
"2020-07-21T18:30:13.000Z","thermometer","temperature_min","°C",25.58
"2020-07-21T18:35:14.000Z","thermometer","temperature_min","°C",25.26
"2020-07-21T18:40:13.000Z","thermometer","temperature_min","°C",25.16
"2020-07-21T18:45:14.000Z","thermometer","temperature_min","°C",25.17
"2020-07-21T18:50:13.000Z","thermometer","temperature_min","°C",25.32
"2020-07-21T18:55:15.000Z","thermometer","temperature_min","°C",25.25
"2020-07-21T19:00:13.000Z","thermometer","temperature_min","°C",25.27
"2020-07-21T19:05:13.000Z","thermometer","temperature_min","°C",25.02
"2020-07-21T19:10:14.000Z","thermometer","temperature_min","°C",24.71
"2020-07-21T19:15:13.000Z","thermometer","temperature_min","°C",24.42
"2020-07-21T19:20:13.000Z","thermometer","temperature_min","°C",24.22
"2020-07-21T19:25:15.000Z","thermometer","temperature_min","°C",23.89
"2020-07-21T19:30:13.000Z","thermometer","temperature_min","°C",23.67
"2020-07-21T19:35:13.000Z","thermometer","temperature_min","°C",23.48
"2020-07-21T19:40:14.000Z","thermometer","temperature_min","°C",23.4
"2020-07-21T19:45:13.000Z","thermometer","temperature_min","°C",23.39
"2020-07-21T19:50:14.000Z","thermometer","temperature_min","°C",23.42
"2020-07-21T19:55:14.000Z","thermometer","temperature_min","°C",23.42
"2020-07-21T20:00:28.000Z","thermometer","temperature_min","°C",23.18
"2020-07-21T20:05:14.000Z","thermometer","temperature_min","°C",22.52
"2020-07-21T20:10:13.000Z","thermometer","temperature_min","°C",21.86
"2020-07-21T20:15:14.000Z","thermometer","temperature_min","°C",21.55
"2020-07-21T20:20:13.000Z","thermometer","temperature_min","°C",21.46
"2020-07-21T20:25:14.000Z","thermometer","temperature_min","°C",21.18
"2020-07-21T20:25:14.000Z","thermometer","temperature_min","°C",21.18
"2020-07-21T20:30:13.000Z","thermometer","temperature_min","°C",20.68
"2020-07-21T20:35:14.000Z","thermometer","temperature_min","°C",20.26
"2020-07-21T20:40:14.000Z","thermometer","temperature_min","°C",19.89
"2020-07-21T20:45:13.000Z","thermometer","temperature_min","°C",19.66
"2020-07-21T20:50:14.000Z","thermometer","temperature_min","°C",19.42
"2020-07-21T20:55:13.000Z","thermometer","temperature_min","°C",19.1
"2020-07-21T21:00:14.000Z","thermometer","temperature_min","°C",18.91
"2020-07-21T21:05:13.000Z","thermometer","temperature_min","°C",18.77
"2020-07-21T21:10:14.000Z","thermometer","temperature_min","°C",18.66
"2020-07-21T21:15:14.000Z","thermometer","temperature_min","°C",18.56
"2020-07-21T21:20:13.000Z","thermometer","temperature_min","°C",18.46
"2020-07-21T21:25:14.000Z","thermometer","temperature_min","°C",18.4
"2020-07-21T21:30:14.000Z","thermometer","temperature_min","°C",18.35
"2020-07-21T21:35:13.000Z","thermometer","temperature_min","°C",18.2
"2020-07-21T21:40:13.000Z","thermometer","temperature_min","°C",18.08
"2020-07-21T21:45:14.000Z","thermometer","temperature_min","°C",17.98
"2020-07-21T21:50:14.000Z","thermometer","temperature_min","°C",17.84
"2020-07-21T21:55:13.000Z","thermometer","temperature_min","°C",17.82
"2020-07-21T22:00:13.000Z","thermometer","temperature_min","°C",17.9
"2020-07-21T22:05:15.000Z","thermometer","temperature_min","°C",17.93
"2020-07-21T22:10:13.000Z","thermometer","temperature_min","°C",17.93
"2020-07-21T22:15:13.000Z","thermometer","temperature_min","°C",18.1
"2020-07-21T22:20:15.000Z","thermometer","temperature_min","°C",17.93
"2020-07-21T22:25:28.000Z","thermometer","temperature_min","°C",17.7
"2020-07-21T22:30:13.000Z","thermometer","temperature_min","°C",17.52
"2020-07-21T22:35:14.000Z","thermometer","temperature_min","°C",17.44
"2020-07-21T22:40:12.000Z","thermometer","temperature_min","°C",17.41
"2020-07-21T22:45:15.000Z","thermometer","temperature_min","°C",17.37
"2020-07-21T22:50:13.000Z","thermometer","temperature_min","°C",17.32
"2020-07-21T22:55:14.000Z","thermometer","temperature_min","°C",17.27
"2020-07-21T23:00:13.000Z","thermometer","temperature_min","°C",17.12
"2020-07-21T23:05:15.000Z","thermometer","temperature_min","°C",17.08
"2020-07-21T23:10:12.000Z","thermometer","temperature_min","°C",17.1
"2020-07-21T23:15:14.000Z","thermometer","temperature_min","°C",17.03
"2020-07-21T23:20:13.000Z","thermometer","temperature_min","°C",17.13
"2020-07-21T23:25:14.000Z","thermometer","temperature_min","°C",17.25
"2020-07-21T23:30:14.000Z","thermometer","temperature_min","°C",17.21
"2020-07-21T23:35:13.000Z","thermometer","temperature_min","°C",17.1
"2020-07-21T23:40:14.000Z","thermometer","temperature_min","°C",17.08
"2020-07-21T23:45:13.000Z","thermometer","temperature_min","°C",17.13
"2020-07-21T23:50:15.000Z","thermometer","temperature_min","°C",17.15
"2020-07-21T23:55:13.000Z","thermometer","temperature_min","°C",17.09
"2020-07-22T00:00:13.000Z","thermometer","temperature_min","°C",16.92
"2020-07-22T00:05:13.000Z","thermometer","temperature_min","°C",16.82
"2020-07-22T00:10:15.000Z","thermometer","temperature_min","°C",16.76
"2020-07-22T00:15:13.000Z","thermometer","temperature_min","°C",16.81
"2020-07-22T00:20:14.000Z","thermometer","temperature_min","°C",16.94
"2020-07-22T00:25:13.000Z","thermometer","temperature_min","°C",17.26
"2020-07-22T00:30:13.000Z","thermometer","temperature_min","°C",17.53
"2020-07-22T00:35:15.000Z","thermometer","temperature_min","°C",17.74
"2020-07-22T00:40:13.000Z","thermometer","temperature_min","°C",17.71
"2020-07-22T00:45:13.000Z","thermometer","temperature_min","°C",17.58
"2020-07-22T00:50:13.000Z","thermometer","temperature_min","°C",17.56
"2020-07-22T00:55:16.000Z","thermometer","temperature_min","°C",17.49
"2020-07-22T01:00:14.000Z","thermometer","temperature_min","°C",17.56
"2020-07-22T01:05:13.000Z","thermometer","temperature_min","°C",17.74
"2020-07-22T01:15:13.000Z","thermometer","temperature_min","°C",17.63
"2020-07-22T01:20:15.000Z","thermometer","temperature_min","°C",17.46
"2020-07-22T01:25:12.000Z","thermometer","temperature_min","°C",17.24
"2020-07-22T01:30:13.000Z","thermometer","temperature_min","°C",17.23
"2020-07-22T01:35:15.000Z","thermometer","temperature_min","°C",17.26
"2020-07-22T01:40:13.000Z","thermometer","temperature_min","°C",17.3
"2020-07-22T01:45:14.000Z","thermometer","temperature_min","°C",17.19
"2020-07-22T01:50:13.000Z","thermometer","temperature_min","°C",17.07
"2020-07-22T01:55:14.000Z","thermometer","temperature_min","°C",16.96
"2020-07-22T02:00:13.000Z","thermometer","temperature_min","°C",16.79
"2020-07-22T02:05:15.000Z","thermometer","temperature_min","°C",16.66
"2020-07-22T02:10:12.000Z","thermometer","temperature_min","°C",16.48
"2020-07-22T02:15:15.000Z","thermometer","temperature_min","°C",16.38
"2020-07-22T02:20:13.000Z","thermometer","temperature_min","°C",16.18
"2020-07-22T02:25:13.000Z","thermometer","temperature_min","°C",16.02
"2020-07-22T02:30:14.000Z","thermometer","temperature_min","°C",15.92
"2020-07-22T02:35:13.000Z","thermometer","temperature_min","°C",15.82
"2020-07-22T02:40:14.000Z","thermometer","temperature_min","°C",15.83
"2020-07-22T02:45:13.000Z","thermometer","temperature_min","°C",15.8
"2020-07-22T02:50:15.000Z","thermometer","temperature_min","°C",15.78
"2020-07-22T02:55:13.000Z","thermometer","temperature_min","°C",15.76
"2020-07-22T03:00:13.000Z","thermometer","temperature_min","°C",15.71
"2020-07-22T03:05:13.000Z","thermometer","temperature_min","°C",15.62
"2020-07-22T03:10:15.000Z","thermometer","temperature_min","°C",15.56
"2020-07-22T03:15:13.000Z","thermometer","temperature_min","°C",15.47
"2020-07-22T03:20:13.000Z","thermometer","temperature_min","°C",15.38
"2020-07-22T03:25:15.000Z","thermometer","temperature_min","°C",15.31
"2020-07-22T03:30:12.000Z","thermometer","temperature_min","°C",15.32
"2020-07-22T03:35:13.000Z","thermometer","temperature_min","°C",15.5
"2020-07-22T03:40:15.000Z","thermometer","temperature_min","°C",15.37
"2020-07-22T03:45:13.000Z","thermometer","temperature_min","°C",15.32
"2020-07-22T03:50:14.000Z","thermometer","temperature_min","°C",15.51
"2020-07-22T03:55:15.000Z","thermometer","temperature_min","°C",15.34
"2020-07-22T04:00:28.000Z","thermometer","temperature_min","°C",15.13
"2020-07-22T04:05:15.000Z","thermometer","temperature_min","°C",15.03
"2020-07-22T04:10:13.000Z","thermometer","temperature_min","°C",14.9
"2020-07-22T04:15:13.000Z","thermometer","temperature_min","°C",14.78
"2020-07-22T04:20:14.000Z","thermometer","temperature_min","°C",14.8
"2020-07-22T04:25:15.000Z","thermometer","temperature_min","°C",14.99
"2020-07-22T04:30:12.000Z","thermometer","temperature_min","°C",15.39
"2020-07-22T04:35:15.000Z","thermometer","temperature_min","°C",15.73
"2020-07-22T04:40:13.000Z","thermometer","temperature_min","°C",15.9
"2020-07-22T04:45:13.000Z","thermometer","temperature_min","°C",15.99
"2020-07-22T04:50:14.000Z","thermometer","temperature_min","°C",16.2
"2020-07-22T04:55:13.000Z","thermometer","temperature_min","°C",16.5
"2020-07-22T05:00:15.000Z","thermometer","temperature_min","°C",17.05
"2020-07-22T05:05:12.000Z","thermometer","temperature_min","°C",17.46
"2020-07-22T05:10:14.000Z","thermometer","temperature_min","°C",17.79
"2020-07-22T05:15:13.000Z","thermometer","temperature_min","°C",18.21
"2020-07-22T05:20:14.000Z","thermometer","temperature_min","°C",18.65
"2020-07-22T05:25:14.000Z","thermometer","temperature_min","°C",20.07
"2020-07-22T05:30:13.000Z","thermometer","temperature_min","°C",21.18
"2020-07-22T05:35:14.000Z","thermometer","temperature_min","°C",21.19
"2020-07-22T05:40:13.000Z","thermometer","temperature_min","°C",21.05
"2020-07-22T05:45:14.000Z","thermometer","temperature_min","°C",21.37
"2020-07-22T05:50:17.000Z","thermometer","temperature_min","°C",21.79
"2020-07-22T05:55:12.000Z","thermometer","temperature_min","°C",22.23
"2020-07-22T06:00:15.000Z","thermometer","temperature_min","°C",22.94
"2020-07-22T06:05:28.000Z","thermometer","temperature_min","°C",23.26
"2020-07-22T06:10:13.000Z","thermometer","temperature_min","°C",23.82
"2020-07-22T06:15:13.000Z","thermometer","temperature_min","°C",25.12
"2020-07-22T06:20:15.000Z","thermometer","temperature_min","°C",25.73
"2020-07-22T06:25:12.000Z","thermometer","temperature_min","°C",26.1
"2020-07-22T06:30:14.000Z","thermometer","temperature_min","°C",26.53
"2020-07-22T06:35:13.000Z","thermometer","temperature_min","°C",26.84
"2020-07-22T06:40:14.000Z","thermometer","temperature_min","°C",26.64
"2020-07-22T06:40:14.000Z","thermometer","temperature_min","°C",26.64
"2020-07-22T06:45:14.000Z","thermometer","temperature_min","°C",26.44
"2020-07-22T06:50:13.000Z","thermometer","temperature_min","°C",26.74
"2020-07-22T06:55:14.000Z","thermometer","temperature_min","°C",26.92
"2020-07-22T07:00:13.000Z","thermometer","temperature_min","°C",27.38
"2020-07-22T07:05:14.000Z","thermometer","temperature_min","°C",27.78
"2020-07-22T07:10:13.000Z","thermometer","temperature_min","°C",27.7
"2020-07-22T07:15:15.000Z","thermometer","temperature_min","°C",27.64
"2020-07-22T07:20:12.000Z","thermometer","temperature_min","°C",28.24
"2020-07-22T07:25:15.000Z","thermometer","temperature_min","°C",28.26
"2020-07-22T07:30:13.000Z","thermometer","temperature_min","°C",28.42
"2020-07-22T07:35:13.000Z","thermometer","temperature_min","°C",28.29
"2020-07-22T07:40:13.000Z","thermometer","temperature_min","°C",28.7
"2020-07-22T07:50:14.000Z","thermometer","temperature_min","°C",28.52
"2020-07-22T08:00:15.000Z","thermometer","temperature_min","°C",29.2
"2020-07-22T08:05:13.000Z","thermometer","temperature_min","°C",29.24
"2020-07-22T08:10:13.000Z","thermometer","temperature_min","°C",29.14
"2020-07-22T08:15:14.000Z","thermometer","temperature_min","°C",29.32
"2020-07-22T08:20:13.000Z","thermometer","temperature_min","°C",29.2
"2020-07-22T08:25:14.000Z","thermometer","temperature_min","°C",29.45
"2020-07-22T08:25:14.000Z","thermometer","temperature_min","°C",29.45
"2020-07-22T08:25:14.000Z","thermometer","temperature_min","°C",29.45
"2020-07-22T08:30:13.000Z","thermometer","temperature_min","°C",29.68
"2020-07-22T08:35:15.000Z","thermometer","temperature_min","°C",29.84
"2020-07-22T08:40:13.000Z","thermometer","temperature_min","°C",30.43
"2020-07-22T08:45:13.000Z","thermometer","temperature_min","°C",30.66
"2020-07-22T08:50:14.000Z","thermometer","temperature_min","°C",31.49
"2020-07-22T08:55:13.000Z","thermometer","temperature_min","°C",31.32
"2020-07-22T09:00:14.000Z","thermometer","temperature_min","°C",31.35
"2020-07-22T09:05:15.000Z","thermometer","temperature_min","°C",32
"2020-07-22T09:10:15.000Z","thermometer","temperature_min","°C",31.67
"2020-07-22T09:15:28.000Z","thermometer","temperature_min","°C",30.8
"2020-07-22T09:20:13.000Z","thermometer","temperature_min","°C",30.14
"2020-07-22T09:25:13.000Z","thermometer","temperature_min","°C",31.22
"2020-07-22T09:30:14.000Z","thermometer","temperature_min","°C",32.31
"2020-07-22T09:35:14.000Z","thermometer","temperature_min","°C",32.43
"2020-07-22T09:40:13.000Z","thermometer","temperature_min","°C",32.4
"2020-07-22T09:45:14.000Z","thermometer","temperature_min","°C",32.38
"2020-07-22T09:50:14.000Z","thermometer","temperature_min","°C",31.74
"2020-07-22T09:55:13.000Z","thermometer","temperature_min","°C",31.55
"2020-07-22T10:00:13.000Z","thermometer","temperature_min","°C",31.33
"2020-07-22T10:05:14.000Z","thermometer","temperature_min","°C",31.37
"2020-07-22T10:10:13.000Z","thermometer","temperature_min","°C",31.55
"2020-07-22T10:15:14.000Z","thermometer","temperature_min","°C",31.19
"2020-07-22T10:20:14.000Z","thermometer","temperature_min","°C",31.27
"2020-07-22T10:25:13.000Z","thermometer","temperature_min","°C",31.85
"2020-07-22T10:30:14.000Z","thermometer","temperature_min","°C",31.63
"2020-07-22T10:35:13.000Z","thermometer","temperature_min","°C",31.74
"2020-07-22T10:40:13.000Z","thermometer","temperature_min","°C",31.73
"2020-07-22T10:45:14.000Z","thermometer","temperature_min","°C",31.72
"2020-07-22T10:50:13.000Z","thermometer","temperature_min","°C",31.47
"2020-07-22T10:55:14.000Z","thermometer","temperature_min","°C",31.89
"2020-07-22T11:00:14.000Z","thermometer","temperature_min","°C",32.23
"2020-07-22T11:05:14.000Z","thermometer","temperature_min","°C",32.52
"2020-07-22T11:10:13.000Z","thermometer","temperature_min","°C",32.81
"2020-07-22T11:15:15.000Z","thermometer","temperature_min","°C",32.38
"2020-07-22T11:20:12.000Z","thermometer","temperature_min","°C",32.03
"2020-07-22T11:25:15.000Z","thermometer","temperature_min","°C",32.14
"2020-07-22T11:30:13.000Z","thermometer","temperature_min","°C",32.15
"2020-07-22T11:35:13.000Z","thermometer","temperature_min","°C",32.56
"2020-07-22T11:40:13.000Z","thermometer","temperature_min","°C",32.33
"2020-07-22T11:45:14.000Z","thermometer","temperature_min","°C",32.67
"2020-07-22T11:50:14.000Z","thermometer","temperature_min","°C",32.81
"2020-07-22T11:55:13.000Z","thermometer","temperature_min","°C",32.16
"2020-07-22T12:00:13.000Z","thermometer","temperature_min","°C",32.45
"2020-07-22T12:05:14.000Z","thermometer","temperature_min","°C",33.1
"2020-07-22T12:10:15.000Z","thermometer","temperature_min","°C",33.17
"2020-07-22T12:15:13.000Z","thermometer","temperature_min","°C",33.33
"2020-07-22T12:20:13.000Z","thermometer","temperature_min","°C",33.07
"2020-07-22T12:25:14.000Z","thermometer","temperature_min","°C",33.16
"2020-07-22T12:30:13.000Z","thermometer","temperature_min","°C",33.65
"2020-07-22T12:35:14.000Z","thermometer","temperature_min","°C",33.66
"2020-07-22T12:40:20.000Z","thermometer","temperature_min","°C",34.36
"2020-07-22T12:45:21.000Z","thermometer","temperature_min","°C",34.17
"2020-07-22T12:50:19.000Z","thermometer","temperature_min","°C",33.54
"2020-07-22T12:55:21.000Z","thermometer","temperature_min","°C",33.44
"2020-07-22T13:00:21.000Z","thermometer","temperature_min","°C",32.58
"2020-07-22T13:05:20.000Z","thermometer","temperature_min","°C",32.91
"2020-07-22T13:10:28.000Z","thermometer","temperature_min","°C",32.56
"2020-07-22T13:15:14.000Z","thermometer","temperature_min","°C",32.81
"2020-07-22T13:20:13.000Z","thermometer","temperature_min","°C",33.22
"2020-07-22T13:25:13.000Z","thermometer","temperature_min","°C",33.12
"2020-07-22T13:30:14.000Z","thermometer","temperature_min","°C",33.04
"2020-07-22T13:35:14.000Z","thermometer","temperature_min","°C",33.25
"2020-07-22T13:40:15.000Z","thermometer","temperature_min","°C",33.47
"2020-07-22T13:40:15.000Z","thermometer","temperature_min","°C",33.47
"2020-07-22T13:45:12.000Z","thermometer","temperature_min","°C",33.22
"2020-07-22T13:50:13.000Z","thermometer","temperature_min","°C",32.99
"2020-07-22T13:55:14.000Z","thermometer","temperature_min","°C",32.8
"2020-07-22T14:00:14.000Z","thermometer","temperature_min","°C",32.88
"2020-07-22T14:05:13.000Z","thermometer","temperature_min","°C",33.02
"2020-07-22T14:10:13.000Z","thermometer","temperature_min","°C",32.52
"2020-07-22T14:15:14.000Z","thermometer","temperature_min","°C",32.6
"2020-07-22T14:20:13.000Z","thermometer","temperature_min","°C",32.41
"2020-07-22T14:25:14.000Z","thermometer","temperature_min","°C",32.42
"2020-07-22T14:30:14.000Z","thermometer","temperature_min","°C",32.12
"2020-07-22T14:35:13.000Z","thermometer","temperature_min","°C",32.32
"2020-07-22T14:40:13.000Z","thermometer","temperature_min","°C",32.13
"2020-07-22T14:45:14.000Z","thermometer","temperature_min","°C",32.29
"2020-07-22T14:50:14.000Z","thermometer","temperature_min","°C",32.87
"2020-07-22T14:55:13.000Z","thermometer","temperature_min","°C",32.54
"2020-07-22T15:00:14.000Z","thermometer","temperature_min","°C",32.09
"2020-07-22T15:00:14.000Z","thermometer","temperature_min","°C",32.09
"2020-07-22T15:05:14.000Z","thermometer","temperature_min","°C",32.25
"2020-07-22T15:10:13.000Z","thermometer","temperature_min","°C",32.19
"2020-07-22T15:15:14.000Z","thermometer","temperature_min","°C",32.27
"2020-07-22T15:20:13.000Z","thermometer","temperature_min","°C",31.64
"2020-07-22T15:25:15.000Z","thermometer","temperature_min","°C",31.77
"2020-07-22T15:30:13.000Z","thermometer","temperature_min","°C",31.88
"2020-07-22T15:35:20.000Z","thermometer","temperature_min","°C",31.88
"2020-07-22T15:40:13.000Z","thermometer","temperature_min","°C",31.59
"2020-07-22T15:45:13.000Z","thermometer","temperature_min","°C",31.46
"2020-07-22T15:50:14.000Z","thermometer","temperature_min","°C",31.25
"2020-07-22T15:55:13.000Z","thermometer","temperature_min","°C",31.61
"2020-07-22T15:55:13.000Z","thermometer","temperature_min","°C",31.61
"2020-07-22T16:00:14.000Z","thermometer","temperature_min","°C",31.16
"2020-07-22T16:05:15.000Z","thermometer","temperature_min","°C",30.68
"2020-07-22T16:10:12.000Z","thermometer","temperature_min","°C",30.64
"2020-07-22T16:10:12.000Z","thermometer","temperature_min","°C",30.64
"2020-07-22T16:15:13.000Z","thermometer","temperature_min","°C",30.28
"2020-07-22T16:20:31.000Z","thermometer","temperature_min","°C",30.06
"2020-07-22T16:25:12.000Z","thermometer","temperature_min","°C",29.65
"2020-07-22T16:30:15.000Z","thermometer","temperature_min","°C",29.54
"2020-07-22T16:35:13.000Z","thermometer","temperature_min","°C",29.47
"2020-07-22T16:40:13.000Z","thermometer","temperature_min","°C",29.34
"2020-07-22T16:45:14.000Z","thermometer","temperature_min","°C",29.11
"2020-07-22T16:50:13.000Z","thermometer","temperature_min","°C",29.09
"2020-07-22T16:55:14.000Z","thermometer","temperature_min","°C",29.06
"2020-07-22T17:00:13.000Z","thermometer","temperature_min","°C",28.81
"2020-07-22T17:05:14.000Z","thermometer","temperature_min","°C",28.52
"2020-07-22T17:10:14.000Z","thermometer","temperature_min","°C",28.49
"2020-07-22T17:15:13.000Z","thermometer","temperature_min","°C",28.3
"2020-07-22T17:20:14.000Z","thermometer","temperature_min","°C",28.04
"2020-07-22T17:25:13.000Z","thermometer","temperature_min","°C",28.08
"2020-07-22T17:30:15.000Z","thermometer","temperature_min","°C",28.09
"2020-07-22T17:35:13.000Z","thermometer","temperature_min","°C",27.81
"2020-07-22T17:45:14.000Z","thermometer","temperature_min","°C",27.52
"2020-07-22T17:50:15.000Z","thermometer","temperature_min","°C",27.09
"2020-07-22T17:55:13.000Z","thermometer","temperature_min","°C",26.93
"2020-07-22T18:00:13.000Z","thermometer","temperature_min","°C",26.7
"2020-07-22T18:05:15.000Z","thermometer","temperature_min","°C",26.61
"2020-07-22T18:10:12.000Z","thermometer","temperature_min","°C",26.36
"2020-07-22T18:15:15.000Z","thermometer","temperature_min","°C",26.01
"2020-07-22T18:20:13.000Z","thermometer","temperature_min","°C",25.84
"2020-07-22T18:25:13.000Z","thermometer","temperature_min","°C",25.43
"2020-07-22T18:30:14.000Z","thermometer","temperature_min","°C",25.26
"2020-07-22T18:35:13.000Z","thermometer","temperature_min","°C",24.79
"2020-07-22T18:40:15.000Z","thermometer","temperature_min","°C",24.72
"2020-07-22T18:50:14.000Z","thermometer","temperature_min","°C",24.54
"2020-07-22T18:55:13.000Z","thermometer","temperature_min","°C",24.27
"2020-07-22T19:00:14.000Z","thermometer","temperature_min","°C",23.88
"2020-07-22T19:05:13.000Z","thermometer","temperature_min","°C",23.56
"2020-07-22T19:10:13.000Z","thermometer","temperature_min","°C",23.41
"2020-07-22T19:15:14.000Z","thermometer","temperature_min","°C",23.47
"2020-07-22T19:20:15.000Z","thermometer","temperature_min","°C",23.44
"2020-07-22T19:25:13.000Z","thermometer","temperature_min","°C",23.34
"2020-07-22T19:30:14.000Z","thermometer","temperature_min","°C",23.3
"2020-07-22T19:35:13.000Z","thermometer","temperature_min","°C",23.78
"2020-07-22T19:40:13.000Z","thermometer","temperature_min","°C",23.7
"2020-07-22T19:45:14.000Z","thermometer","temperature_min","°C",23.68
"2020-07-22T19:50:14.000Z","thermometer","temperature_min","°C",23.36
"2020-07-22T19:55:13.000Z","thermometer","temperature_min","°C",22.67
"2020-07-22T20:00:14.000Z","thermometer","temperature_min","°C",21.82
"2020-07-22T20:05:28.000Z","thermometer","temperature_min","°C",21.42
"2020-07-22T20:10:14.000Z","thermometer","temperature_min","°C",20.98
"2020-07-22T20:15:13.000Z","thermometer","temperature_min","°C",20.95
"2020-07-22T20:20:14.000Z","thermometer","temperature_min","°C",22.25
"2020-07-22T20:25:14.000Z","thermometer","temperature_min","°C",23.06
"2020-07-22T20:30:13.000Z","thermometer","temperature_min","°C",23.47
"2020-07-22T20:35:13.000Z","thermometer","temperature_min","°C",24.33
"2020-07-22T20:40:14.000Z","thermometer","temperature_min","°C",23.7
"2020-07-22T20:45:14.000Z","thermometer","temperature_min","°C",22.37
"2020-07-22T20:50:13.000Z","thermometer","temperature_min","°C",21.32
"2020-07-22T20:55:14.000Z","thermometer","temperature_min","°C",20.78
"2020-07-22T21:00:13.000Z","thermometer","temperature_min","°C",20.54
"2020-07-22T21:05:14.000Z","thermometer","temperature_min","°C",20.26
"2020-07-22T21:10:13.000Z","thermometer","temperature_min","°C",20.02
"2020-07-22T21:15:14.000Z","thermometer","temperature_min","°C",19.57
"2020-07-22T21:20:13.000Z","thermometer","temperature_min","°C",19.11
"2020-07-22T21:25:14.000Z","thermometer","temperature_min","°C",18.74
"2020-07-22T21:30:14.000Z","thermometer","temperature_min","°C",18.39
"2020-07-22T21:35:13.000Z","thermometer","temperature_min","°C",18.16
"2020-07-22T21:40:14.000Z","thermometer","temperature_min","°C",17.93
"2020-07-22T21:45:13.000Z","thermometer","temperature_min","°C",17.72
"2020-07-22T21:50:15.000Z","thermometer","temperature_min","°C",17.54
"2020-07-22T21:55:13.000Z","thermometer","temperature_min","°C",17.36
"2020-07-22T22:00:13.000Z","thermometer","temperature_min","°C",17.28
"2020-07-22T22:05:14.000Z","thermometer","temperature_min","°C",17.16
"2020-07-22T22:10:13.000Z","thermometer","temperature_min","°C",17
"2020-07-22T22:15:14.000Z","thermometer","temperature_min","°C",16.86
"2020-07-22T22:20:13.000Z","thermometer","temperature_min","°C",16.79
"2020-07-22T22:25:14.000Z","thermometer","temperature_min","°C",16.78
"2020-07-22T22:30:13.000Z","thermometer","temperature_min","°C",16.73
"2020-07-22T22:35:15.000Z","thermometer","temperature_min","°C",16.78
"2020-07-22T22:40:13.000Z","thermometer","temperature_min","°C",16.82
"2020-07-22T22:45:28.000Z","thermometer","temperature_min","°C",16.88
"2020-07-22T22:50:14.000Z","thermometer","temperature_min","°C",16.97
"2020-07-22T22:55:14.000Z","thermometer","temperature_min","°C",17.04
"2020-07-22T23:05:13.000Z","thermometer","temperature_min","°C",17.38
"2020-07-22T23:10:19.000Z","thermometer","temperature_min","°C",17.6
"2020-07-22T23:20:14.000Z","thermometer","temperature_min","°C",17.5
"2020-07-22T23:25:13.000Z","thermometer","temperature_min","°C",17.38
"2020-07-22T23:35:14.000Z","thermometer","temperature_min","°C",17.16
"2020-07-22T23:40:13.000Z","thermometer","temperature_min","°C",17.04
"2020-07-22T23:45:14.000Z","thermometer","temperature_min","°C",16.98
"2020-07-22T23:50:13.000Z","thermometer","temperature_min","°C",16.86
"2020-07-22T23:55:14.000Z","thermometer","temperature_min","°C",16.75
"2020-07-23T00:00:13.000Z","thermometer","temperature_min","°C",16.7
"2020-07-23T00:05:13.000Z","thermometer","temperature_min","°C",16.62
"2020-07-23T00:10:16.000Z","thermometer","temperature_min","°C",16.5
"2020-07-23T00:15:14.000Z","thermometer","temperature_min","°C",16.42
"2020-07-23T00:20:14.000Z","thermometer","temperature_min","°C",16.4
"2020-07-23T00:25:13.000Z","thermometer","temperature_min","°C",16.52
"2020-07-23T00:30:14.000Z","thermometer","temperature_min","°C",16.39
"2020-07-23T00:35:13.000Z","thermometer","temperature_min","°C",16.22
"2020-07-23T00:40:14.000Z","thermometer","temperature_min","°C",16.16
"2020-07-23T00:45:13.000Z","thermometer","temperature_min","°C",16.08
"2020-07-23T00:50:19.000Z","thermometer","temperature_min","°C",16.1
"2020-07-23T00:55:15.000Z","thermometer","temperature_min","°C",16.2
"2020-07-23T01:00:13.000Z","thermometer","temperature_min","°C",16.18
"2020-07-23T01:05:14.000Z","thermometer","temperature_min","°C",16.08
"2020-07-23T01:10:15.000Z","thermometer","temperature_min","°C",15.94
"2020-07-23T01:15:31.000Z","thermometer","temperature_min","°C",15.94
"2020-07-23T01:20:12.000Z","thermometer","temperature_min","°C",15.88
"2020-07-23T01:25:15.000Z","thermometer","temperature_min","°C",15.94
"2020-07-23T01:35:13.000Z","thermometer","temperature_min","°C",16.08
"2020-07-23T01:40:13.000Z","thermometer","temperature_min","°C",16.21
"2020-07-23T01:45:15.000Z","thermometer","temperature_min","°C",16.19
"2020-07-23T01:50:13.000Z","thermometer","temperature_min","°C",15.92
"2020-07-23T01:55:13.000Z","thermometer","temperature_min","°C",15.76
"2020-07-23T02:00:14.000Z","thermometer","temperature_min","°C",15.64
"2020-07-23T02:05:13.000Z","thermometer","temperature_min","°C",15.7
"2020-07-23T02:10:15.000Z","thermometer","temperature_min","°C",15.64
"2020-07-23T02:15:13.000Z","thermometer","temperature_min","°C",15.61
"2020-07-23T02:20:12.000Z","thermometer","temperature_min","°C",15.57
"2020-07-23T02:25:14.000Z","thermometer","temperature_min","°C",15.36
"2020-07-23T02:35:13.000Z","thermometer","temperature_min","°C",15.36
"2020-07-23T02:40:13.000Z","thermometer","temperature_min","°C",15.3
"2020-07-23T02:45:15.000Z","thermometer","temperature_min","°C",15.2
"2020-07-23T02:50:12.000Z","thermometer","temperature_min","°C",15.24
"2020-07-23T02:55:13.000Z","thermometer","temperature_min","°C",15.29
"2020-07-23T03:00:15.000Z","thermometer","temperature_min","°C",15.18
"2020-07-23T03:05:12.000Z","thermometer","temperature_min","°C",15.18
"2020-07-23T03:10:14.000Z","thermometer","temperature_min","°C",15.29
"2020-07-23T03:15:31.000Z","thermometer","temperature_min","°C",15.25
"2020-07-23T03:20:13.000Z","thermometer","temperature_min","°C",15.28
"2020-07-23T03:25:13.000Z","thermometer","temperature_min","°C",15.29
"2020-07-23T03:30:14.000Z","thermometer","temperature_min","°C",15.19
"2020-07-23T03:35:13.000Z","thermometer","temperature_min","°C",15.1
"2020-07-23T03:40:14.000Z","thermometer","temperature_min","°C",15.04
"2020-07-23T03:45:13.000Z","thermometer","temperature_min","°C",15.05
"2020-07-23T03:50:15.000Z","thermometer","temperature_min","°C",15.07
"2020-07-23T03:55:13.000Z","thermometer","temperature_min","°C",15.06
"2020-07-23T04:00:13.000Z","thermometer","temperature_min","°C",15.13
"2020-07-23T04:05:14.000Z","thermometer","temperature_min","°C",15.06
"2020-07-23T04:10:13.000Z","thermometer","temperature_min","°C",15.02
"2020-07-23T04:15:14.000Z","thermometer","temperature_min","°C",15.03
"2020-07-23T04:20:13.000Z","thermometer","temperature_min","°C",15.08
"2020-07-23T04:25:14.000Z","thermometer","temperature_min","°C",15.21
"2020-07-23T04:30:15.000Z","thermometer","temperature_min","°C",15.38
"2020-07-23T04:35:13.000Z","thermometer","temperature_min","°C",15.54
"2020-07-23T04:40:13.000Z","thermometer","temperature_min","°C",15.66
"2020-07-23T04:45:14.000Z","thermometer","temperature_min","°C",16
"2020-07-23T04:50:13.000Z","thermometer","temperature_min","°C",16.19
"2020-07-23T04:55:14.000Z","thermometer","temperature_min","°C",16.63
"2020-07-23T05:00:13.000Z","thermometer","temperature_min","°C",17.17
"2020-07-23T05:05:15.000Z","thermometer","temperature_min","°C",17.54
"2020-07-23T05:10:13.000Z","thermometer","temperature_min","°C",18.04
"2020-07-23T05:15:13.000Z","thermometer","temperature_min","°C",18.55
"2020-07-23T05:20:13.000Z","thermometer","temperature_min","°C",19.05
"2020-07-23T05:25:15.000Z","thermometer","temperature_min","°C",19.56
"2020-07-23T05:30:13.000Z","thermometer","temperature_min","°C",20.42
"2020-07-23T05:35:13.000Z","thermometer","temperature_min","°C",20.54
"2020-07-23T05:40:14.000Z","thermometer","temperature_min","°C",20.81
"2020-07-23T05:45:14.000Z","thermometer","temperature_min","°C",21.16
"2020-07-23T05:50:13.000Z","thermometer","temperature_min","°C",21.99
"2020-07-23T05:55:13.000Z","thermometer","temperature_min","°C",22.54
"2020-07-23T06:00:15.000Z","thermometer","temperature_min","°C",22.92
"2020-07-23T06:05:13.000Z","thermometer","temperature_min","°C",24.09
"2020-07-23T06:10:13.000Z","thermometer","temperature_min","°C",23.93
"2020-07-23T06:15:14.000Z","thermometer","temperature_min","°C",24.4
"2020-07-23T06:20:13.000Z","thermometer","temperature_min","°C",25.16
"2020-07-23T06:25:15.000Z","thermometer","temperature_min","°C",25.28
"2020-07-23T06:25:15.000Z","thermometer","temperature_min","°C",25.28
"2020-07-23T06:30:12.000Z","thermometer","temperature_min","°C",25.47
"2020-07-23T06:35:14.000Z","thermometer","temperature_min","°C",25.51
"2020-07-23T06:40:13.000Z","thermometer","temperature_min","°C",25.66
"2020-07-23T06:45:15.000Z","thermometer","temperature_min","°C",25.66
"2020-07-23T06:50:28.000Z","thermometer","temperature_min","°C",25.35
"2020-07-23T06:55:14.000Z","thermometer","temperature_min","°C",25.3
"2020-07-23T07:00:13.000Z","thermometer","temperature_min","°C",25.48
"2020-07-23T07:05:13.000Z","thermometer","temperature_min","°C",25.58
"2020-07-23T07:10:14.000Z","thermometer","temperature_min","°C",25.64
"2020-07-23T07:15:13.000Z","thermometer","temperature_min","°C",25.87
"2020-07-23T07:20:15.000Z","thermometer","temperature_min","°C",26.29
"2020-07-23T07:25:13.000Z","thermometer","temperature_min","°C",26.82
"2020-07-23T07:30:13.000Z","thermometer","temperature_min","°C",26.94
"2020-07-23T07:35:13.000Z","thermometer","temperature_min","°C",27.15
"2020-07-23T07:40:15.000Z","thermometer","temperature_min","°C",27.28
"2020-07-23T07:45:13.000Z","thermometer","temperature_min","°C",27.65
"2020-07-23T07:50:13.000Z","thermometer","temperature_min","°C",27.3
"2020-07-23T07:55:15.000Z","thermometer","temperature_min","°C",27.52
"2020-07-23T08:00:12.000Z","thermometer","temperature_min","°C",28.21
"2020-07-23T08:05:14.000Z","thermometer","temperature_min","°C",28.9
"2020-07-23T08:10:13.000Z","thermometer","temperature_min","°C",28.9
"2020-07-23T08:15:15.000Z","thermometer","temperature_min","°C",28.9
"2020-07-23T08:20:13.000Z","thermometer","temperature_min","°C",28.45
"2020-07-23T08:25:13.000Z","thermometer","temperature_min","°C",28.67
"2020-07-23T08:30:14.000Z","thermometer","temperature_min","°C",28.6
"2020-07-23T08:35:13.000Z","thermometer","temperature_min","°C",28.21
"2020-07-23T08:40:15.000Z","thermometer","temperature_min","°C",29.33
"2020-07-23T08:45:12.000Z","thermometer","temperature_min","°C",29.51
"2020-07-23T08:50:14.000Z","thermometer","temperature_min","°C",29.38
"2020-07-23T08:55:13.000Z","thermometer","temperature_min","°C",30.11
"2020-07-23T09:00:14.000Z","thermometer","temperature_min","°C",31.18
"2020-07-23T09:05:14.000Z","thermometer","temperature_min","°C",31.29
"2020-07-23T09:10:13.000Z","thermometer","temperature_min","°C",30.33
"2020-07-23T09:15:14.000Z","thermometer","temperature_min","°C",30.34
"2020-07-23T09:20:13.000Z","thermometer","temperature_min","°C",30.62
"2020-07-23T09:25:31.000Z","thermometer","temperature_min","°C",31.41
"2020-07-23T09:30:12.000Z","thermometer","temperature_min","°C",31.61
"2020-07-23T09:35:13.000Z","thermometer","temperature_min","°C",31.25
"2020-07-23T09:40:14.000Z","thermometer","temperature_min","°C",30.56
"2020-07-23T09:45:14.000Z","thermometer","temperature_min","°C",30.7
"2020-07-23T09:50:13.000Z","thermometer","temperature_min","°C",30.88
"2020-07-23T09:55:14.000Z","thermometer","temperature_min","°C",31.62
"2020-07-23T10:00:14.000Z","thermometer","temperature_min","°C",31.62
"2020-07-23T10:05:13.000Z","thermometer","temperature_min","°C",32.19
"2020-07-23T10:10:14.000Z","thermometer","temperature_min","°C",32.22
"2020-07-23T10:10:14.000Z","thermometer","temperature_min","°C",32.22
"2020-07-23T10:15:13.000Z","thermometer","temperature_min","°C",32.47
"2020-07-23T10:20:14.000Z","thermometer","temperature_min","°C",31.86
"2020-07-23T10:25:14.000Z","thermometer","temperature_min","°C",32.23
"2020-07-23T10:25:14.000Z","thermometer","temperature_min","°C",32.23
"2020-07-23T10:25:14.000Z","thermometer","temperature_min","°C",32.23
"2020-07-23T10:40:13.000Z","thermometer","temperature_min","°C",31.99
"2020-07-23T10:45:14.000Z","thermometer","temperature_min","°C",32.13
"2020-07-23T10:50:13.000Z","thermometer","temperature_min","°C",32.66
"2020-07-23T10:55:15.000Z","thermometer","temperature_min","°C",32.96
"2020-07-23T10:55:15.000Z","thermometer","temperature_min","°C",32.96
"2020-07-23T10:55:15.000Z","thermometer","temperature_min","°C",32.96
"2020-07-23T11:05:13.000Z","thermometer","temperature_min","°C",32.69
"2020-07-23T11:10:14.000Z","thermometer","temperature_min","°C",32.79
"2020-07-23T11:15:13.000Z","thermometer","temperature_min","°C",33.11
"2020-07-23T11:20:14.000Z","thermometer","temperature_min","°C",32.87
"2020-07-23T11:25:15.000Z","thermometer","temperature_min","°C",32.88
"2020-07-23T11:35:13.000Z","thermometer","temperature_min","°C",33.12
"2020-07-23T11:40:14.000Z","thermometer","temperature_min","°C",32.75
"2020-07-23T11:45:13.000Z","thermometer","temperature_min","°C",32.53
"2020-07-23T11:50:14.000Z","thermometer","temperature_min","°C",33.1
"2020-07-23T11:55:14.000Z","thermometer","temperature_min","°C",33.45
"2020-07-23T12:00:13.000Z","thermometer","temperature_min","°C",33.06
"2020-07-23T12:05:14.000Z","thermometer","temperature_min","°C",33.09
"2020-07-23T12:10:13.000Z","thermometer","temperature_min","°C",32.96
"2020-07-23T12:20:13.000Z","thermometer","temperature_min","°C",32.8
"2020-07-23T12:25:14.000Z","thermometer","temperature_min","°C",32.76
"2020-07-23T12:35:28.000Z","thermometer","temperature_min","°C",32.95
"2020-07-23T12:40:14.000Z","thermometer","temperature_min","°C",33.02
"2020-07-23T12:45:13.000Z","thermometer","temperature_min","°C",33.62
"2020-07-23T12:50:14.000Z","thermometer","temperature_min","°C",33.96
"2020-07-23T12:55:14.000Z","thermometer","temperature_min","°C",33.27
"2020-07-23T13:00:13.000Z","thermometer","temperature_min","°C",33.94
"2020-07-23T13:05:13.000Z","thermometer","temperature_min","°C",33.54
"2020-07-23T13:10:15.000Z","thermometer","temperature_min","°C",33.59
"2020-07-23T13:15:13.000Z","thermometer","temperature_min","°C",33.89
"2020-07-23T13:20:13.000Z","thermometer","temperature_min","°C",33.79
"2020-07-23T13:25:14.000Z","thermometer","temperature_min","°C",33.71
"2020-07-23T13:30:13.000Z","thermometer","temperature_min","°C",33.65
"2020-07-23T13:35:14.000Z","thermometer","temperature_min","°C",33.43
"2020-07-23T13:40:13.000Z","thermometer","temperature_min","°C",33.5
"2020-07-23T13:45:14.000Z","thermometer","temperature_min","°C",33.4
"2020-07-23T13:50:13.000Z","thermometer","temperature_min","°C",33.53
"2020-07-23T13:55:14.000Z","thermometer","temperature_min","°C",32.94
"2020-07-23T14:00:13.000Z","thermometer","temperature_min","°C",32.96
"2020-07-23T14:05:14.000Z","thermometer","temperature_min","°C",33.62
"2020-07-23T14:05:14.000Z","thermometer","temperature_min","°C",33.62
"2020-07-23T14:05:14.000Z","thermometer","temperature_min","°C",33.62
"2020-07-23T14:10:14.000Z","thermometer","temperature_min","°C",33.38
"2020-07-23T14:15:13.000Z","thermometer","temperature_min","°C",33.02
"2020-07-23T14:15:13.000Z","thermometer","temperature_min","°C",33.02
"2020-07-23T14:20:14.000Z","thermometer","temperature_min","°C",33.6
"2020-07-23T14:25:13.000Z","thermometer","temperature_min","°C",33.73
"2020-07-23T14:25:13.000Z","thermometer","temperature_min","°C",33.73
"2020-07-23T14:35:14.000Z","thermometer","temperature_min","°C",32.6
"2020-07-23T14:40:13.000Z","thermometer","temperature_min","°C",32.62
"2020-07-23T14:50:13.000Z","thermometer","temperature_min","°C",32.73
"2020-07-23T14:55:13.000Z","thermometer","temperature_min","°C",32.8
"2020-07-23T15:05:12.000Z","thermometer","temperature_min","°C",33
"2020-07-23T15:10:15.000Z","thermometer","temperature_min","°C",32.89
"2020-07-23T15:15:13.000Z","thermometer","temperature_min","°C",32.9
"2020-07-23T15:20:19.000Z","thermometer","temperature_min","°C",32.69
"2020-07-23T15:30:14.000Z","thermometer","temperature_min","°C",32.26
"2020-07-23T15:35:13.000Z","thermometer","temperature_min","°C",32.52
"2020-07-23T15:40:13.000Z","thermometer","temperature_min","°C",32.57
"2020-07-23T15:50:13.000Z","thermometer","temperature_min","°C",32.11
"2020-07-23T15:50:13.000Z","thermometer","temperature_min","°C",32.11
"2020-07-23T15:55:14.000Z","thermometer","temperature_min","°C",31.82
"2020-07-23T16:00:14.000Z","thermometer","temperature_min","°C",31.65
"2020-07-23T16:05:13.000Z","thermometer","temperature_min","°C",31.75
"2020-07-23T16:10:31.000Z","thermometer","temperature_min","°C",31.58
"2020-07-23T16:20:13.000Z","thermometer","temperature_min","°C",31.21
"2020-07-23T16:25:19.000Z","thermometer","temperature_min","°C",31.32
"2020-07-23T16:35:14.000Z","thermometer","temperature_min","°C",30.79
"2020-07-23T16:40:14.000Z","thermometer","temperature_min","°C",30.79
"2020-07-23T16:45:13.000Z","thermometer","temperature_min","°C",30.59
"2020-07-23T16:50:15.000Z","thermometer","temperature_min","°C",30.63
"2020-07-23T16:55:12.000Z","thermometer","temperature_min","°C",30.6
"2020-07-23T17:05:13.000Z","thermometer","temperature_min","°C",30.13
"2020-07-23T17:10:13.000Z","thermometer","temperature_min","°C",30.17
"2020-07-23T17:15:13.000Z","thermometer","temperature_min","°C",29.83
"2020-07-23T17:20:14.000Z","thermometer","temperature_min","°C",29.58
"2020-07-23T17:25:14.000Z","thermometer","temperature_min","°C",29.22
"2020-07-23T17:30:19.000Z","thermometer","temperature_min","°C",28.94
"2020-07-23T17:35:13.000Z","thermometer","temperature_min","°C",28.6
"2020-07-23T17:40:14.000Z","thermometer","temperature_min","°C",28.3
"2020-07-23T17:40:14.000Z","thermometer","temperature_min","°C",28.3
"2020-07-23T17:50:15.000Z","thermometer","temperature_min","°C",27.74
"2020-07-23T17:50:15.000Z","thermometer","temperature_min","°C",27.74
"2020-07-23T17:55:13.000Z","thermometer","temperature_min","°C",27.03
"2020-07-23T18:00:14.000Z","thermometer","temperature_min","°C",26.51
"2020-07-23T18:05:13.000Z","thermometer","temperature_min","°C",25.94
"2020-07-23T18:10:14.000Z","thermometer","temperature_min","°C",25.45
"2020-07-23T18:15:13.000Z","thermometer","temperature_min","°C",24.91
"2020-07-23T18:20:14.000Z","thermometer","temperature_min","°C",24.8
"2020-07-23T18:25:13.000Z","thermometer","temperature_min","°C",24.9
"2020-07-23T18:35:13.000Z","thermometer","temperature_min","°C",24.66
"2020-07-23T18:35:13.000Z","thermometer","temperature_min","°C",24.66
"2020-07-23T18:40:13.000Z","thermometer","temperature_min","°C",24.31
"2020-07-23T18:45:13.000Z","thermometer","temperature_min","°C",23.32
"2020-07-23T18:50:14.000Z","thermometer","temperature_min","°C",22.7
"2020-07-23T18:55:14.000Z","thermometer","temperature_min","°C",22.73
"2020-07-23T19:00:13.000Z","thermometer","temperature_min","°C",22.49
"2020-07-23T19:00:13.000Z","thermometer","temperature_min","°C",22.49
"2020-07-23T19:05:15.000Z","thermometer","temperature_min","°C",22.34
"2020-07-23T19:20:13.000Z","thermometer","temperature_min","°C",22.31
"2020-07-23T19:25:14.000Z","thermometer","temperature_min","°C",22.32
"2020-07-23T19:30:14.000Z","thermometer","temperature_min","°C",22.4
"2020-07-23T19:35:14.000Z","thermometer","temperature_min","°C",23.16
"2020-07-23T19:40:13.000Z","thermometer","temperature_min","°C",22.91
"2020-07-23T19:45:13.000Z","thermometer","temperature_min","°C",22.66
"2020-07-23T19:50:15.000Z","thermometer","temperature_min","°C",22.46
"2020-07-23T19:55:13.000Z","thermometer","temperature_min","°C",21.88
"2020-07-23T20:00:28.000Z","thermometer","temperature_min","°C",21.72
"2020-07-23T20:05:14.000Z","thermometer","temperature_min","°C",21.4
"2020-07-23T20:10:13.000Z","thermometer","temperature_min","°C",21.17
"2020-07-23T20:15:14.000Z","thermometer","temperature_min","°C",20.82
"2020-07-23T20:25:14.000Z","thermometer","temperature_min","°C",20.86
"2020-07-23T20:30:14.000Z","thermometer","temperature_min","°C",20.98
"2020-07-23T20:40:13.000Z","thermometer","temperature_min","°C",19.85
"2020-07-23T20:50:14.000Z","thermometer","temperature_min","°C",19.17
"2020-07-23T20:55:13.000Z","thermometer","temperature_min","°C",18.98
"2020-07-23T21:00:15.000Z","thermometer","temperature_min","°C",18.74
"2020-07-23T21:05:12.000Z","thermometer","temperature_min","°C",18.32
"2020-07-23T21:10:14.000Z","thermometer","temperature_min","°C",18.11
"2020-07-23T21:15:13.000Z","thermometer","temperature_min","°C",17.92
"2020-07-23T21:20:15.000Z","thermometer","temperature_min","°C",17.9
"2020-07-23T21:25:13.000Z","thermometer","temperature_min","°C",18.23
"2020-07-23T21:30:13.000Z","thermometer","temperature_min","°C",18.48
"2020-07-23T21:35:14.000Z","thermometer","temperature_min","°C",18.27
"2020-07-23T21:40:13.000Z","thermometer","temperature_min","°C",18.29
"2020-07-23T21:45:14.000Z","thermometer","temperature_min","°C",18.57
"2020-07-23T21:50:13.000Z","thermometer","temperature_min","°C",18.7
"2020-07-23T21:55:14.000Z","thermometer","temperature_min","°C",18.42
"2020-07-23T22:00:13.000Z","thermometer","temperature_min","°C",18.04
"2020-07-23T22:05:14.000Z","thermometer","temperature_min","°C",17.95
"2020-07-23T22:10:13.000Z","thermometer","temperature_min","°C",17.74
"2020-07-23T22:15:14.000Z","thermometer","temperature_min","°C",17.63
"2020-07-23T22:20:13.000Z","thermometer","temperature_min","°C",17.45
"2020-07-23T22:25:15.000Z","thermometer","temperature_min","°C",17.08
"2020-07-23T22:30:13.000Z","thermometer","temperature_min","°C",16.72
"2020-07-23T22:35:13.000Z","thermometer","temperature_min","°C",16.48
"2020-07-23T22:40:15.000Z","thermometer","temperature_min","°C",16.35
"2020-07-23T22:45:12.000Z","thermometer","temperature_min","°C",16.23
"2020-07-23T22:55:12.000Z","thermometer","temperature_min","°C",15.86
"2020-07-23T23:00:15.000Z","thermometer","temperature_min","°C",15.72
"2020-07-23T23:05:16.000Z","thermometer","temperature_min","°C",15.67
"2020-07-23T23:10:12.000Z","thermometer","temperature_min","°C",15.66
"2020-07-23T23:15:14.000Z","thermometer","temperature_min","°C",15.68
"2020-07-23T23:20:13.000Z","thermometer","temperature_min","°C",15.69
"2020-07-23T23:25:14.000Z","thermometer","temperature_min","°C",15.68
"2020-07-23T23:30:13.000Z","thermometer","temperature_min","°C",15.71
"2020-07-23T23:35:15.000Z","thermometer","temperature_min","°C",15.64
"2020-07-23T23:40:12.000Z","thermometer","temperature_min","°C",15.71
"2020-07-23T23:45:15.000Z","thermometer","temperature_min","°C",15.73
"2020-07-23T23:50:13.000Z","thermometer","temperature_min","°C",15.84
"2020-07-23T23:55:13.000Z","thermometer","temperature_min","°C",15.97
"2020-07-24T00:00:13.000Z","thermometer","temperature_min","°C",15.86
"2020-07-24T00:05:31.000Z","thermometer","temperature_min","°C",15.7
"2020-07-24T00:10:13.000Z","thermometer","temperature_min","°C",15.67
"2020-07-24T00:15:13.000Z","thermometer","temperature_min","°C",15.75
"2020-07-24T00:20:15.000Z","thermometer","temperature_min","°C",16
"2020-07-24T00:25:13.000Z","thermometer","temperature_min","°C",16.02
"2020-07-24T00:30:13.000Z","thermometer","temperature_min","°C",15.92
"2020-07-24T00:35:14.000Z","thermometer","temperature_min","°C",15.86
"2020-07-24T00:40:13.000Z","thermometer","temperature_min","°C",15.9
"2020-07-24T00:40:13.000Z","thermometer","temperature_min","°C",15.9
"2020-07-24T00:40:13.000Z","thermometer","temperature_min","°C",15.9
"2020-07-24T00:45:14.000Z","thermometer","temperature_min","°C",16.04
"2020-07-24T00:55:15.000Z","thermometer","temperature_min","°C",15.8
"2020-07-24T00:55:15.000Z","thermometer","temperature_min","°C",15.8
"2020-07-24T01:00:13.000Z","thermometer","temperature_min","°C",15.53
"2020-07-24T01:00:13.000Z","thermometer","temperature_min","°C",15.53
"2020-07-24T01:05:13.000Z","thermometer","temperature_min","°C",15.36
"2020-07-24T01:10:14.000Z","thermometer","temperature_min","°C",15.27
"2020-07-24T01:20:14.000Z","thermometer","temperature_min","°C",15.02
"2020-07-24T01:25:13.000Z","thermometer","temperature_min","°C",14.92
"2020-07-24T01:35:13.000Z","thermometer","temperature_min","°C",14.71
"2020-07-24T01:40:13.000Z","thermometer","temperature_min","°C",14.67
"2020-07-24T01:45:13.000Z","thermometer","temperature_min","°C",14.64
"2020-07-24T01:50:14.000Z","thermometer","temperature_min","°C",14.66
"2020-07-24T02:00:15.000Z","thermometer","temperature_min","°C",14.73
"2020-07-24T02:05:13.000Z","thermometer","temperature_min","°C",14.76
"2020-07-24T02:10:13.000Z","thermometer","temperature_min","°C",14.88
"2020-07-24T02:15:15.000Z","thermometer","temperature_min","°C",15
"2020-07-24T02:20:28.000Z","thermometer","temperature_min","°C",15.06
"2020-07-24T02:25:13.000Z","thermometer","temperature_min","°C",15.12
"2020-07-24T02:35:13.000Z","thermometer","temperature_min","°C",15.23
"2020-07-24T02:40:14.000Z","thermometer","temperature_min","°C",15.28
"2020-07-24T02:40:14.000Z","thermometer","temperature_min","°C",15.28
"2020-07-24T02:50:15.000Z","thermometer","temperature_min","°C",15.3
"2020-07-24T02:55:12.000Z","thermometer","temperature_min","°C",15.25
"2020-07-24T03:00:15.000Z","thermometer","temperature_min","°C",15.17
"2020-07-24T03:05:13.000Z","thermometer","temperature_min","°C",15.06
"2020-07-24T03:10:13.000Z","thermometer","temperature_min","°C",15
"2020-07-24T03:20:13.000Z","thermometer","temperature_min","°C",14.94
"2020-07-24T03:25:14.000Z","thermometer","temperature_min","°C",14.9
"2020-07-24T03:30:13.000Z","thermometer","temperature_min","°C",14.92
"2020-07-24T03:35:14.000Z","thermometer","temperature_min","°C",15.06
"2020-07-24T03:45:14.000Z","thermometer","temperature_min","°C",15.08
"2020-07-24T03:45:14.000Z","thermometer","temperature_min","°C",15.08
"2020-07-24T03:50:13.000Z","thermometer","temperature_min","°C",15.13
"2020-07-24T04:00:13.000Z","thermometer","temperature_min","°C",15.06
"2020-07-24T04:05:14.000Z","thermometer","temperature_min","°C",15.08
"2020-07-24T04:10:14.000Z","thermometer","temperature_min","°C",15.18
"2020-07-24T04:15:20.000Z","thermometer","temperature_min","°C",15.24
"2020-07-24T04:20:13.000Z","thermometer","temperature_min","°C",15.28
"2020-07-24T04:25:14.000Z","thermometer","temperature_min","°C",15.44
"2020-07-24T04:30:31.000Z","thermometer","temperature_min","°C",15.64
"2020-07-24T04:35:13.000Z","thermometer","temperature_min","°C",15.78
"2020-07-24T04:40:14.000Z","thermometer","temperature_min","°C",16.02
"2020-07-24T04:40:14.000Z","thermometer","temperature_min","°C",16.02
"2020-07-24T04:45:14.000Z","thermometer","temperature_min","°C",16.32
"2020-07-24T04:50:14.000Z","thermometer","temperature_min","°C",16.62
"2020-07-24T05:00:14.000Z","thermometer","temperature_min","°C",17.64
"2020-07-24T05:05:13.000Z","thermometer","temperature_min","°C",18.32
"2020-07-24T05:10:15.000Z","thermometer","temperature_min","°C",18.45
"2020-07-24T05:15:13.000Z","thermometer","temperature_min","°C",19.09
"2020-07-24T05:30:15.000Z","thermometer","temperature_min","°C",19.77
"2020-07-24T05:30:15.000Z","thermometer","temperature_min","°C",19.77
"2020-07-24T05:40:13.000Z","thermometer","temperature_min","°C",21.14
"2020-07-24T05:40:13.000Z","thermometer","temperature_min","°C",21.14
"2020-07-24T05:45:14.000Z","thermometer","temperature_min","°C",21.63
"2020-07-24T05:50:14.000Z","thermometer","temperature_min","°C",21.7
"2020-07-24T05:55:13.000Z","thermometer","temperature_min","°C",22.1
"2020-07-24T06:05:22.000Z","thermometer","temperature_min","°C",23.1
"2020-07-24T06:10:14.000Z","thermometer","temperature_min","°C",24.09
"2020-07-24T06:15:13.000Z","thermometer","temperature_min","°C",24.39
"2020-07-24T06:20:15.000Z","thermometer","temperature_min","°C",24.61
"2020-07-24T06:20:15.000Z","thermometer","temperature_min","°C",24.61
"2020-07-24T06:30:15.000Z","thermometer","temperature_min","°C",24.44
"2020-07-24T06:35:28.000Z","thermometer","temperature_min","°C",24.69
"2020-07-24T06:45:14.000Z","thermometer","temperature_min","°C",24.25
"2020-07-24T06:50:13.000Z","thermometer","temperature_min","°C",24.81
"2020-07-24T06:55:14.000Z","thermometer","temperature_min","°C",25.08
"2020-07-24T06:55:14.000Z","thermometer","temperature_min","°C",25.08
"2020-07-24T07:00:13.000Z","thermometer","temperature_min","°C",24.8
"2020-07-24T07:05:15.000Z","thermometer","temperature_min","°C",25.14
"2020-07-24T07:15:14.000Z","thermometer","temperature_min","°C",25.48
"2020-07-24T07:20:13.000Z","thermometer","temperature_min","°C",25.86
"2020-07-24T07:25:15.000Z","thermometer","temperature_min","°C",25.65
"2020-07-24T07:30:13.000Z","thermometer","temperature_min","°C",26.16
"2020-07-24T07:35:13.000Z","thermometer","temperature_min","°C",26.48
"2020-07-24T07:40:13.000Z","thermometer","temperature_min","°C",26.84
"2020-07-24T07:45:14.000Z","thermometer","temperature_min","°C",27.11
"2020-07-24T07:50:14.000Z","thermometer","temperature_min","°C",27.33
"2020-07-24T07:55:13.000Z","thermometer","temperature_min","°C",27.72
"2020-07-24T08:00:15.000Z","thermometer","temperature_min","°C",28.14
"2020-07-24T08:05:13.000Z","thermometer","temperature_min","°C",28.3
"2020-07-24T08:10:13.000Z","thermometer","temperature_min","°C",28.18
"2020-07-24T08:15:14.000Z","thermometer","temperature_min","°C",28.49
"2020-07-24T08:25:15.000Z","thermometer","temperature_min","°C",28.51
"2020-07-24T08:30:12.000Z","thermometer","temperature_min","°C",28.55
"2020-07-24T08:35:14.000Z","thermometer","temperature_min","°C",28.37
"2020-07-24T08:40:13.000Z","thermometer","temperature_min","°C",28.92
"2020-07-24T08:50:14.000Z","thermometer","temperature_min","°C",28.56
"2020-07-24T08:55:13.000Z","thermometer","temperature_min","°C",28.85
"2020-07-24T09:00:15.000Z","thermometer","temperature_min","°C",29.06
"2020-07-24T09:05:12.000Z","thermometer","temperature_min","°C",28.85
"2020-07-24T09:10:15.000Z","thermometer","temperature_min","°C",28.96
"2020-07-24T09:20:13.000Z","thermometer","temperature_min","°C",28.4
"2020-07-24T09:25:31.000Z","thermometer","temperature_min","°C",28.46
"2020-07-24T09:30:12.000Z","thermometer","temperature_min","°C",29.16
"2020-07-24T09:35:14.000Z","thermometer","temperature_min","°C",29.86
"2020-07-24T09:40:14.000Z","thermometer","temperature_min","°C",30.33
"2020-07-24T09:45:13.000Z","thermometer","temperature_min","°C",30.12
"2020-07-24T09:50:13.000Z","thermometer","temperature_min","°C",29.4
"2020-07-24T09:55:31.000Z","thermometer","temperature_min","°C",29.53
"2020-07-24T10:00:13.000Z","thermometer","temperature_min","°C",29.71
"2020-07-24T10:05:13.000Z","thermometer","temperature_min","°C",30.09
"2020-07-24T10:10:14.000Z","thermometer","temperature_min","°C",30.03
"2020-07-24T10:15:13.000Z","thermometer","temperature_min","°C",30.29
"2020-07-24T10:20:14.000Z","thermometer","temperature_min","°C",29.74
"2020-07-24T10:25:13.000Z","thermometer","temperature_min","°C",30.03
"2020-07-24T10:35:13.000Z","thermometer","temperature_min","°C",30.36
"2020-07-24T10:40:15.000Z","thermometer","temperature_min","°C",30.15
"2020-07-24T10:45:13.000Z","thermometer","temperature_min","°C",30.06
"2020-07-24T10:50:13.000Z","thermometer","temperature_min","°C",30.31
"2020-07-24T10:55:14.000Z","thermometer","temperature_min","°C",30.81
"2020-07-24T11:00:13.000Z","thermometer","temperature_min","°C",30.59
"2020-07-24T11:05:13.000Z","thermometer","temperature_min","°C",30.09
"2020-07-24T11:10:15.000Z","thermometer","temperature_min","°C",30.19
"2020-07-24T11:20:13.000Z","thermometer","temperature_min","°C",29.8
"2020-07-24T11:20:13.000Z","thermometer","temperature_min","°C",29.8
"2020-07-24T11:30:13.000Z","thermometer","temperature_min","°C",30.16
"2020-07-24T11:35:14.000Z","thermometer","temperature_min","°C",29.91
"2020-07-24T11:40:13.000Z","thermometer","temperature_min","°C",30.43
"2020-07-24T11:45:14.000Z","thermometer","temperature_min","°C",29.93
"2020-07-24T11:50:13.000Z","thermometer","temperature_min","°C",30.01
"2020-07-24T12:05:13.000Z","thermometer","temperature_min","°C",30.17
"2020-07-24T12:10:15.000Z","thermometer","temperature_min","°C",30.52
"2020-07-24T12:15:13.000Z","thermometer","temperature_min","°C",30.1
"2020-07-24T12:20:13.000Z","thermometer","temperature_min","°C",30.28
"2020-07-24T12:25:14.000Z","thermometer","temperature_min","°C",29.94
"2020-07-24T12:35:15.000Z","thermometer","temperature_min","°C",30.13
"2020-07-24T12:35:15.000Z","thermometer","temperature_min","°C",30.13
"2020-07-24T12:40:12.000Z","thermometer","temperature_min","°C",30.38
"2020-07-24T12:45:14.000Z","thermometer","temperature_min","°C",29.86
"2020-07-24T12:50:13.000Z","thermometer","temperature_min","°C",30.21
"2020-07-24T12:55:15.000Z","thermometer","temperature_min","°C",30.45
"2020-07-24T13:00:28.000Z","thermometer","temperature_min","°C",30.1
"2020-07-24T13:05:14.000Z","thermometer","temperature_min","°C",29.7
"2020-07-24T13:10:13.000Z","thermometer","temperature_min","°C",29.71
"2020-07-24T13:15:13.000Z","thermometer","temperature_min","°C",29.31
"2020-07-24T13:30:14.000Z","thermometer","temperature_min","°C",29.6
"2020-07-24T13:35:14.000Z","thermometer","temperature_min","°C",29.79
"2020-07-24T13:40:13.000Z","thermometer","temperature_min","°C",30.15
"2020-07-24T13:45:15.000Z","thermometer","temperature_min","°C",29.89
"2020-07-24T13:50:12.000Z","thermometer","temperature_min","°C",29.82
"2020-07-24T13:55:13.000Z","thermometer","temperature_min","°C",29.99
"2020-07-24T14:00:14.000Z","thermometer","temperature_min","°C",30.13
"2020-07-24T14:05:14.000Z","thermometer","temperature_min","°C",30.17
"2020-07-24T14:10:14.000Z","thermometer","temperature_min","°C",30.57
"2020-07-24T14:15:13.000Z","thermometer","temperature_min","°C",30.72
"2020-07-24T14:20:14.000Z","thermometer","temperature_min","°C",29.88
"2020-07-24T14:25:13.000Z","thermometer","temperature_min","°C",29.69
"2020-07-24T14:30:14.000Z","thermometer","temperature_min","°C",29.31
"2020-07-24T14:35:13.000Z","thermometer","temperature_min","°C",29.34
"2020-07-24T14:40:15.000Z","thermometer","temperature_min","°C",29.48
"2020-07-24T14:45:12.000Z","thermometer","temperature_min","°C",29.5
"2020-07-24T14:50:13.000Z","thermometer","temperature_min","°C",29.38
"2020-07-24T14:55:14.000Z","thermometer","temperature_min","°C",29.39
"2020-07-24T15:00:15.000Z","thermometer","temperature_min","°C",29.15
"2020-07-24T15:00:15.000Z","thermometer","temperature_min","°C",29.15
"2020-07-24T15:05:13.000Z","thermometer","temperature_min","°C",29.75
"2020-07-24T15:10:13.000Z","thermometer","temperature_min","°C",29.68
"2020-07-24T15:15:14.000Z","thermometer","temperature_min","°C",28.9
"2020-07-24T15:20:13.000Z","thermometer","temperature_min","°C",28.92
"2020-07-24T15:25:14.000Z","thermometer","temperature_min","°C",28.57
"2020-07-24T15:25:14.000Z","thermometer","temperature_min","°C",28.57
"2020-07-24T15:30:13.000Z","thermometer","temperature_min","°C",28.79
"2020-07-24T15:35:15.000Z","thermometer","temperature_min","°C",28.73
"2020-07-24T15:40:13.000Z","thermometer","temperature_min","°C",28.34
"2020-07-24T15:40:13.000Z","thermometer","temperature_min","°C",28.34
"2020-07-24T15:45:16.000Z","thermometer","temperature_min","°C",28.17
"2020-07-24T15:50:13.000Z","thermometer","temperature_min","°C",28.82
"2020-07-24T16:05:12.000Z","thermometer","temperature_min","°C",29.06
"2020-07-24T16:10:13.000Z","thermometer","temperature_min","°C",28.45
"2020-07-24T16:15:15.000Z","thermometer","temperature_min","°C",28.47
"2020-07-24T16:20:13.000Z","thermometer","temperature_min","°C",28.55
"2020-07-24T16:30:13.000Z","thermometer","temperature_min","°C",28.36
"2020-07-24T16:35:14.000Z","thermometer","temperature_min","°C",28.32
"2020-07-24T16:40:13.000Z","thermometer","temperature_min","°C",28
"2020-07-24T16:45:14.000Z","thermometer","temperature_min","°C",27.56
"2020-07-24T16:50:18.000Z","thermometer","temperature_min","°C",27.02
"2020-07-24T16:55:15.000Z","thermometer","temperature_min","°C",26.72
"2020-07-24T17:00:14.000Z","thermometer","temperature_min","°C",26.22
"2020-07-24T17:05:13.000Z","thermometer","temperature_min","°C",25.9
"2020-07-24T17:10:14.000Z","thermometer","temperature_min","°C",25.69
"2020-07-24T17:15:13.000Z","thermometer","temperature_min","°C",25.46
"2020-07-24T17:20:15.000Z","thermometer","temperature_min","°C",25.27
"2020-07-24T17:25:12.000Z","thermometer","temperature_min","°C",25.17
"2020-07-24T17:30:14.000Z","thermometer","temperature_min","°C",25.12
"2020-07-24T17:35:13.000Z","thermometer","temperature_min","°C",25.05
"2020-07-24T17:40:13.000Z","thermometer","temperature_min","°C",25.1
"2020-07-24T17:45:15.000Z","thermometer","temperature_min","°C",25.29
"2020-07-24T17:50:13.000Z","thermometer","temperature_min","°C",25.28
"2020-07-24T17:55:16.000Z","thermometer","temperature_min","°C",25.04
"2020-07-24T18:00:13.000Z","thermometer","temperature_min","°C",24.85
"2020-07-24T18:05:14.000Z","thermometer","temperature_min","°C",24.73
"2020-07-24T18:10:13.000Z","thermometer","temperature_min","°C",24.6
"2020-07-24T18:15:14.000Z","thermometer","temperature_min","°C",24.4
"2020-07-24T18:20:13.000Z","thermometer","temperature_min","°C",24.3
"2020-07-24T18:25:15.000Z","thermometer","temperature_min","°C",24.23
"2020-07-24T18:30:13.000Z","thermometer","temperature_min","°C",24.07
"2020-07-24T18:35:13.000Z","thermometer","temperature_min","°C",23.67
"2020-07-24T18:40:14.000Z","thermometer","temperature_min","°C",23.42
"2020-07-24T18:45:13.000Z","thermometer","temperature_min","°C",23.3
"2020-07-24T18:50:15.000Z","thermometer","temperature_min","°C",23.26
"2020-07-24T18:55:13.000Z","thermometer","temperature_min","°C",23.25
"2020-07-24T19:00:13.000Z","thermometer","temperature_min","°C",23.12
"2020-07-24T19:05:13.000Z","thermometer","temperature_min","°C",22.91
"2020-07-24T19:10:14.000Z","thermometer","temperature_min","°C",22.53
"2020-07-24T19:15:14.000Z","thermometer","temperature_min","°C",22.31
"2020-07-24T19:20:14.000Z","thermometer","temperature_min","°C",22.24
"2020-07-24T19:25:12.000Z","thermometer","temperature_min","°C",22.24
"2020-07-24T19:30:15.000Z","thermometer","temperature_min","°C",22.28
"2020-07-24T19:35:28.000Z","thermometer","temperature_min","°C",22.34
"2020-07-24T19:40:14.000Z","thermometer","temperature_min","°C",22.4
"2020-07-24T19:40:14.000Z","thermometer","temperature_min","°C",22.4
"2020-07-24T19:45:13.000Z","thermometer","temperature_min","°C",22.28
"2020-07-24T19:50:14.000Z","thermometer","temperature_min","°C",22.14
"2020-07-24T19:55:13.000Z","thermometer","temperature_min","°C",21.94
"2020-07-24T20:00:14.000Z","thermometer","temperature_min","°C",21.77
"2020-07-24T20:05:13.000Z","thermometer","temperature_min","°C",21.58
"2020-07-24T20:10:14.000Z","thermometer","temperature_min","°C",21.51
"2020-07-24T20:15:14.000Z","thermometer","temperature_min","°C",21.5
"2020-07-24T20:25:13.000Z","thermometer","temperature_min","°C",21.08
"2020-07-24T20:30:14.000Z","thermometer","temperature_min","°C",21.06
"2020-07-24T20:35:14.000Z","thermometer","temperature_min","°C",20.91
"2020-07-24T20:40:13.000Z","thermometer","temperature_min","°C",20.67
"2020-07-24T20:45:14.000Z","thermometer","temperature_min","°C",20.59
"2020-07-24T20:50:14.000Z","thermometer","temperature_min","°C",20.49
"2020-07-24T20:55:13.000Z","thermometer","temperature_min","°C",20.27
"2020-07-24T20:55:13.000Z","thermometer","temperature_min","°C",20.27
"2020-07-24T21:05:14.000Z","thermometer","temperature_min","°C",20.14
"2020-07-24T21:10:13.000Z","thermometer","temperature_min","°C",20.04
"2020-07-24T21:15:14.000Z","thermometer","temperature_min","°C",19.98
"2020-07-24T21:20:14.000Z","thermometer","temperature_min","°C",19.9
"2020-07-24T21:25:13.000Z","thermometer","temperature_min","°C",19.72
"2020-07-24T21:30:15.000Z","thermometer","temperature_min","°C",19.48
"2020-07-24T21:30:15.000Z","thermometer","temperature_min","°C",19.48
"2020-07-24T21:35:12.000Z","thermometer","temperature_min","°C",19.28
"2020-07-24T21:45:13.000Z","thermometer","temperature_min","°C",19.27
"2020-07-24T21:45:13.000Z","thermometer","temperature_min","°C",19.27
"2020-07-24T21:50:13.000Z","thermometer","temperature_min","°C",19.18
"2020-07-24T22:00:13.000Z","thermometer","temperature_min","°C",19.06
"2020-07-24T22:05:14.000Z","thermometer","temperature_min","°C",18.97
"2020-07-24T22:10:13.000Z","thermometer","temperature_min","°C",18.82
"2020-07-24T22:15:14.000Z","thermometer","temperature_min","°C",18.7
"2020-07-24T22:20:13.000Z","thermometer","temperature_min","°C",18.5
"2020-07-24T22:25:15.000Z","thermometer","temperature_min","°C",18.49
"2020-07-24T22:30:12.000Z","thermometer","temperature_min","°C",18.64
"2020-07-24T22:40:21.000Z","thermometer","temperature_min","°C",18.91
"2020-07-24T22:45:28.000Z","thermometer","temperature_min","°C",19.05
"2020-07-24T23:00:15.000Z","thermometer","temperature_min","°C",18.71
"2020-07-24T23:00:15.000Z","thermometer","temperature_min","°C",18.71
"2020-07-24T23:05:13.000Z","thermometer","temperature_min","°C",18.9
"2020-07-24T23:10:13.000Z","thermometer","temperature_min","°C",19.04
"2020-07-24T23:15:14.000Z","thermometer","temperature_min","°C",19.11
"2020-07-24T23:25:14.000Z","thermometer","temperature_min","°C",19.01
"2020-07-24T23:30:13.000Z","thermometer","temperature_min","°C",18.97
"2020-07-24T23:35:14.000Z","thermometer","temperature_min","°C",18.92
"2020-07-24T23:40:13.000Z","thermometer","temperature_min","°C",18.9
"2020-07-24T23:45:15.000Z","thermometer","temperature_min","°C",18.79
"2020-07-24T23:50:13.000Z","thermometer","temperature_min","°C",18.75
"2020-07-24T23:55:13.000Z","thermometer","temperature_min","°C",18.78
"2020-07-24T23:55:13.000Z","thermometer","temperature_min","°C",18.78
"2020-07-24T23:55:13.000Z","thermometer","temperature_min","°C",18.78
"2020-07-25T00:00:14.000Z","thermometer","temperature_min","°C",19
"2020-07-25T00:10:14.000Z","thermometer","temperature_min","°C",19.42
"2020-07-25T00:15:13.000Z","thermometer","temperature_min","°C",19.45
"2020-07-25T00:30:13.000Z","thermometer","temperature_min","°C",19.5
"2020-07-25T00:30:13.000Z","thermometer","temperature_min","°C",19.5
"2020-07-25T00:35:13.000Z","thermometer","temperature_min","°C",19.49
"2020-07-25T00:40:15.000Z","thermometer","temperature_min","°C",19.81
"2020-07-25T00:45:13.000Z","thermometer","temperature_min","°C",20.1
"2020-07-25T00:50:13.000Z","thermometer","temperature_min","°C",20.2
"2020-07-25T00:55:14.000Z","thermometer","temperature_min","°C",20.18
"2020-07-25T01:00:13.000Z","thermometer","temperature_min","°C",20.02
"2020-07-25T01:10:14.000Z","thermometer","temperature_min","°C",20.1
"2020-07-25T01:20:14.000Z","thermometer","temperature_min","°C",20.04
"2020-07-25T01:25:13.000Z","thermometer","temperature_min","°C",19.96
"2020-07-25T01:35:13.000Z","thermometer","temperature_min","°C",19.92
"2020-07-25T01:45:13.000Z","thermometer","temperature_min","°C",19.84
"2020-07-25T01:50:15.000Z","thermometer","temperature_min","°C",19.81
"2020-07-25T01:55:13.000Z","thermometer","temperature_min","°C",19.76
"2020-07-25T02:05:14.000Z","thermometer","temperature_min","°C",19.02
"2020-07-25T02:10:13.000Z","thermometer","temperature_min","°C",18.52
"2020-07-25T02:15:20.000Z","thermometer","temperature_min","°C",18.38
"2020-07-25T02:20:29.000Z","thermometer","temperature_min","°C",18.48
"2020-07-25T02:25:15.000Z","thermometer","temperature_min","°C",18.34
"2020-07-25T02:25:15.000Z","thermometer","temperature_min","°C",18.34
"2020-07-25T02:30:12.000Z","thermometer","temperature_min","°C",18.19
"2020-07-25T02:35:14.000Z","thermometer","temperature_min","°C",18.04
"2020-07-25T02:35:14.000Z","thermometer","temperature_min","°C",18.04
"2020-07-25T02:35:14.000Z","thermometer","temperature_min","°C",18.04
"2020-07-25T02:40:13.000Z","thermometer","temperature_min","°C",18.2
"2020-07-25T02:45:15.000Z","thermometer","temperature_min","°C",18.08
"2020-07-25T02:50:13.000Z","thermometer","temperature_min","°C",18.01
"2020-07-25T03:00:14.000Z","thermometer","temperature_min","°C",17.78
"2020-07-25T03:05:13.000Z","thermometer","temperature_min","°C",17.7
"2020-07-25T03:10:15.000Z","thermometer","temperature_min","°C",17.57
"2020-07-25T03:10:15.000Z","thermometer","temperature_min","°C",17.57
"2020-07-25T03:10:15.000Z","thermometer","temperature_min","°C",17.57
"2020-07-25T03:20:13.000Z","thermometer","temperature_min","°C",17.22
"2020-07-25T03:25:15.000Z","thermometer","temperature_min","°C",17.02
"2020-07-25T03:30:13.000Z","thermometer","temperature_min","°C",16.92
"2020-07-25T03:35:14.000Z","thermometer","temperature_min","°C",16.94
"2020-07-25T03:35:14.000Z","thermometer","temperature_min","°C",16.94
"2020-07-25T03:40:13.000Z","thermometer","temperature_min","°C",16.74
"2020-07-25T03:45:14.000Z","thermometer","temperature_min","°C",16.46
"2020-07-25T03:50:13.000Z","thermometer","temperature_min","°C",16.22
"2020-07-25T03:55:15.000Z","thermometer","temperature_min","°C",16.16
"2020-07-25T04:00:13.000Z","thermometer","temperature_min","°C",16.55
"2020-07-25T04:20:19.000Z","thermometer","temperature_min","°C",16.41
"2020-07-25T04:25:12.000Z","thermometer","temperature_min","°C",16.56
"2020-07-25T04:35:19.000Z","thermometer","temperature_min","°C",17.16
"2020-07-25T04:40:31.000Z","thermometer","temperature_min","°C",17.37
"2020-07-25T04:45:13.000Z","thermometer","temperature_min","°C",17.55
"2020-07-25T04:50:14.000Z","thermometer","temperature_min","°C",17.9
"2020-07-25T04:55:13.000Z","thermometer","temperature_min","°C",18.24
"2020-07-25T05:05:13.000Z","thermometer","temperature_min","°C",18.58
"2020-07-25T05:10:14.000Z","thermometer","temperature_min","°C",18.78
"2020-07-25T05:15:13.000Z","thermometer","temperature_min","°C",19
"2020-07-25T05:20:14.000Z","thermometer","temperature_min","°C",19.17
"2020-07-25T05:25:13.000Z","thermometer","temperature_min","°C",19.44
"2020-07-25T05:35:13.000Z","thermometer","temperature_min","°C",20.1
"2020-07-25T05:40:13.000Z","thermometer","temperature_min","°C",20.44
"2020-07-25T05:45:14.000Z","thermometer","temperature_min","°C",20.88
"2020-07-25T05:45:14.000Z","thermometer","temperature_min","°C",20.88
"2020-07-25T05:50:13.000Z","thermometer","temperature_min","°C",21.09
"2020-07-25T06:00:31.000Z","thermometer","temperature_min","°C",21.49
"2020-07-25T06:05:12.000Z","thermometer","temperature_min","°C",21.55
"2020-07-25T06:20:15.000Z","thermometer","temperature_min","°C",21.94
"2020-07-25T06:25:12.000Z","thermometer","temperature_min","°C",22.26
"2020-07-25T06:30:13.000Z","thermometer","temperature_min","°C",22.58
"2020-07-25T06:35:14.000Z","thermometer","temperature_min","°C",22.6
"2020-07-25T06:40:14.000Z","thermometer","temperature_min","°C",23.12
"2020-07-25T06:45:13.000Z","thermometer","temperature_min","°C",23.02
"2020-07-25T06:50:15.000Z","thermometer","temperature_min","°C",23.21
"2020-07-25T06:55:13.000Z","thermometer","temperature_min","°C",23.44
"2020-07-25T07:00:13.000Z","thermometer","temperature_min","°C",23.97
"2020-07-25T07:10:13.000Z","thermometer","temperature_min","°C",23.83
"2020-07-25T07:15:15.000Z","thermometer","temperature_min","°C",23.69
"2020-07-25T07:20:12.000Z","thermometer","temperature_min","°C",24.26
"2020-07-25T07:25:14.000Z","thermometer","temperature_min","°C",24.25
"2020-07-25T07:30:13.000Z","thermometer","temperature_min","°C",24.18
"2020-07-25T07:35:14.000Z","thermometer","temperature_min","°C",24.53
"2020-07-25T07:40:14.000Z","thermometer","temperature_min","°C",24.78
"2020-07-25T07:45:13.000Z","thermometer","temperature_min","°C",25.28
"2020-07-25T07:50:14.000Z","thermometer","temperature_min","°C",25.25
"2020-07-25T08:05:22.000Z","thermometer","temperature_min","°C",25.67
"2020-07-25T08:10:12.000Z","thermometer","temperature_min","°C",26.3
"2020-07-25T08:20:13.000Z","thermometer","temperature_min","°C",26
"2020-07-25T08:25:15.000Z","thermometer","temperature_min","°C",26.31
"2020-07-25T08:30:12.000Z","thermometer","temperature_min","°C",26.01
"2020-07-25T08:50:31.000Z","thermometer","temperature_min","°C",26.82
"2020-07-25T08:55:12.000Z","thermometer","temperature_min","°C",26.88
"2020-07-25T09:05:13.000Z","thermometer","temperature_min","°C",26.71
"2020-07-25T09:10:14.000Z","thermometer","temperature_min","°C",26.71
"2020-07-25T09:15:13.000Z","thermometer","temperature_min","°C",27.32
"2020-07-25T09:20:15.000Z","thermometer","temperature_min","°C",26.64
"2020-07-25T09:25:12.000Z","thermometer","temperature_min","°C",27.21
"2020-07-25T09:30:15.000Z","thermometer","temperature_min","°C",27.34
"2020-07-25T09:35:13.000Z","thermometer","temperature_min","°C",27.39
"2020-07-25T09:40:13.000Z","thermometer","temperature_min","°C",27.64
"2020-07-25T09:45:15.000Z","thermometer","temperature_min","°C",27.42
"2020-07-25T09:50:13.000Z","thermometer","temperature_min","°C",27.69
"2020-07-25T09:55:13.000Z","thermometer","temperature_min","°C",27.89
"2020-07-25T10:00:13.000Z","thermometer","temperature_min","°C",28.12
"2020-07-25T10:05:14.000Z","thermometer","temperature_min","°C",28.13
"2020-07-25T10:10:14.000Z","thermometer","temperature_min","°C",28.51
"2020-07-25T10:15:13.000Z","thermometer","temperature_min","°C",28.29
"2020-07-25T10:20:15.000Z","thermometer","temperature_min","°C",28.7
"2020-07-25T10:25:13.000Z","thermometer","temperature_min","°C",28.58
"2020-07-25T10:30:13.000Z","thermometer","temperature_min","°C",28.76
"2020-07-25T10:35:13.000Z","thermometer","temperature_min","°C",28.89
"2020-07-25T10:40:14.000Z","thermometer","temperature_min","°C",28.56
"2020-07-25T10:50:13.000Z","thermometer","temperature_min","°C",28.34
"2020-07-25T11:05:12.000Z","thermometer","temperature_min","°C",28.65
"2020-07-25T11:20:13.000Z","thermometer","temperature_min","°C",28.68
"2020-07-25T11:30:28.000Z","thermometer","temperature_min","°C",29.3
"2020-07-25T11:30:28.000Z","thermometer","temperature_min","°C",29.3
"2020-07-25T11:30:28.000Z","thermometer","temperature_min","°C",29.3
"2020-07-25T11:35:14.000Z","thermometer","temperature_min","°C",29.4
"2020-07-25T11:45:17.000Z","thermometer","temperature_min","°C",29.56
"2020-07-25T11:45:17.000Z","thermometer","temperature_min","°C",29.56
"2020-07-25T11:50:12.000Z","thermometer","temperature_min","°C",29.74
"2020-07-25T11:55:19.000Z","thermometer","temperature_min","°C",29.5
"2020-07-25T12:00:30.000Z","thermometer","temperature_min","°C",29.65
"2020-07-25T12:05:14.000Z","thermometer","temperature_min","°C",29.31
"2020-07-25T12:10:13.000Z","thermometer","temperature_min","°C",30.01
"2020-07-25T12:15:14.000Z","thermometer","temperature_min","°C",29.5
"2020-07-25T12:20:13.000Z","thermometer","temperature_min","°C",29.78
"2020-07-25T12:35:14.000Z","thermometer","temperature_min","°C",29.66
"2020-07-25T12:40:13.000Z","thermometer","temperature_min","°C",29.62
"2020-07-25T12:45:14.000Z","thermometer","temperature_min","°C",29.47
"2020-07-25T12:50:14.000Z","thermometer","temperature_min","°C",30.28
"2020-07-25T12:55:13.000Z","thermometer","temperature_min","°C",30.78
"2020-07-25T13:00:14.000Z","thermometer","temperature_min","°C",30.11
"2020-07-25T13:05:14.000Z","thermometer","temperature_min","°C",30.34
"2020-07-25T13:10:13.000Z","thermometer","temperature_min","°C",30.32
"2020-07-25T13:15:13.000Z","thermometer","temperature_min","°C",30.74
"2020-07-25T13:20:15.000Z","thermometer","temperature_min","°C",30.34
"2020-07-25T13:35:15.000Z","thermometer","temperature_min","°C",30.22
"2020-07-25T13:40:12.000Z","thermometer","temperature_min","°C",30.39
"2020-07-25T13:40:12.000Z","thermometer","temperature_min","°C",30.39
"2020-07-25T13:50:14.000Z","thermometer","temperature_min","°C",30.73
"2020-07-25T13:55:13.000Z","thermometer","temperature_min","°C",30.69
"2020-07-25T14:10:13.000Z","thermometer","temperature_min","°C",30.9
"2020-07-25T14:15:13.000Z","thermometer","temperature_min","°C",30.93
"2020-07-25T14:20:15.000Z","thermometer","temperature_min","°C",30.64
"2020-07-25T14:30:13.000Z","thermometer","temperature_min","°C",30.16
"2020-07-25T14:35:13.000Z","thermometer","temperature_min","°C",29.91
"2020-07-25T14:40:14.000Z","thermometer","temperature_min","°C",30.72
"2020-07-25T14:50:12.000Z","thermometer","temperature_min","°C",30.13
"2020-07-25T14:55:20.000Z","thermometer","temperature_min","°C",30.44
"2020-07-25T15:00:20.000Z","thermometer","temperature_min","°C",30.3
"2020-07-25T15:05:14.000Z","thermometer","temperature_min","°C",30.17
"2020-07-25T15:10:17.000Z","thermometer","temperature_min","°C",30.4
"2020-07-25T15:20:13.000Z","thermometer","temperature_min","°C",29.34
"2020-07-25T15:25:20.000Z","thermometer","temperature_min","°C",29.37
"2020-07-25T15:30:27.000Z","thermometer","temperature_min","°C",29.53
"2020-07-25T15:35:13.000Z","thermometer","temperature_min","°C",29.27
"2020-07-25T15:40:14.000Z","thermometer","temperature_min","°C",29.4
"2020-07-25T15:45:30.000Z","thermometer","temperature_min","°C",29.31
"2020-07-25T15:50:13.000Z","thermometer","temperature_min","°C",29.44
"2020-07-25T16:00:19.000Z","thermometer","temperature_min","°C",29.13
"2020-07-25T16:05:13.000Z","thermometer","temperature_min","°C",29.17
"2020-07-25T16:10:13.000Z","thermometer","temperature_min","°C",28.94
"2020-07-25T16:10:13.000Z","thermometer","temperature_min","°C",28.94
"2020-07-25T16:20:15.000Z","thermometer","temperature_min","°C",28.76
"2020-07-25T16:25:12.000Z","thermometer","temperature_min","°C",28.28
"2020-07-25T16:40:14.000Z","thermometer","temperature_min","°C",28.22
"2020-07-25T16:50:14.000Z","thermometer","temperature_min","°C",28.19
"2020-07-25T16:55:13.000Z","thermometer","temperature_min","°C",27.93
"2020-07-25T17:00:14.000Z","thermometer","temperature_min","°C",27.84
"2020-07-25T17:05:15.000Z","thermometer","temperature_min","°C",27.71
"2020-07-25T17:15:13.000Z","thermometer","temperature_min","°C",27.41
"2020-07-25T17:20:14.000Z","thermometer","temperature_min","°C",27.45
"2020-07-25T17:25:13.000Z","thermometer","temperature_min","°C",27.12
"2020-07-25T17:30:15.000Z","thermometer","temperature_min","°C",26.97
"2020-07-25T17:35:13.000Z","thermometer","temperature_min","°C",26.8
"2020-07-25T17:50:13.000Z","thermometer","temperature_min","°C",26.04
"2020-07-25T17:55:14.000Z","thermometer","temperature_min","°C",25.4
"2020-07-25T18:00:13.000Z","thermometer","temperature_min","°C",24.87
"2020-07-25T18:05:14.000Z","thermometer","temperature_min","°C",24.36
"2020-07-25T18:10:16.000Z","thermometer","temperature_min","°C",23.87
"2020-07-25T18:20:14.000Z","thermometer","temperature_min","°C",23
"2020-07-25T18:30:15.000Z","thermometer","temperature_min","°C",22.08
"2020-07-25T18:35:13.000Z","thermometer","temperature_min","°C",21.38
"2020-07-25T18:40:15.000Z","thermometer","temperature_min","°C",20.81
"2020-07-25T18:45:14.000Z","thermometer","temperature_min","°C",20.22
"2020-07-25T18:50:17.000Z","thermometer","temperature_min","°C",19.9
"2020-07-25T18:55:14.000Z","thermometer","temperature_min","°C",19.73
"2020-07-25T18:55:14.000Z","thermometer","temperature_min","°C",19.73
"2020-07-25T19:00:14.000Z","thermometer","temperature_min","°C",19.55
"2020-07-25T19:00:14.000Z","thermometer","temperature_min","°C",19.55
"2020-07-25T19:10:30.000Z","thermometer","temperature_min","°C",18.96
"2020-07-25T19:20:13.000Z","thermometer","temperature_min","°C",18.48
"2020-07-25T19:25:15.000Z","thermometer","temperature_min","°C",18.5
"2020-07-25T19:30:13.000Z","thermometer","temperature_min","°C",18.48
"2020-07-25T19:35:15.000Z","thermometer","temperature_min","°C",18.62
"2020-07-25T19:45:19.000Z","thermometer","temperature_min","°C",19.33
"2020-07-25T19:50:14.000Z","thermometer","temperature_min","°C",19.25
"2020-07-25T19:55:25.000Z","thermometer","temperature_min","°C",19.23
"2020-07-25T19:55:25.000Z","thermometer","temperature_min","°C",19.23
"2020-07-25T20:00:14.000Z","thermometer","temperature_min","°C",19.16
"2020-07-25T20:05:14.000Z","thermometer","temperature_min","°C",19.06
"2020-07-25T20:10:13.000Z","thermometer","temperature_min","°C",18.91
"2020-07-25T20:20:13.000Z","thermometer","temperature_min","°C",18.46
"2020-07-25T20:20:13.000Z","thermometer","temperature_min","°C",18.46
"2020-07-25T20:30:12.000Z","thermometer","temperature_min","°C",18.14
"2020-07-25T20:35:14.000Z","thermometer","temperature_min","°C",17.84
"2020-07-25T20:35:14.000Z","thermometer","temperature_min","°C",17.84
"2020-07-25T20:40:13.000Z","thermometer","temperature_min","°C",17.71
"2020-07-25T20:45:15.000Z","thermometer","temperature_min","°C",17.76
"2020-07-25T20:50:12.000Z","thermometer","temperature_min","°C",17.9
"2020-07-25T20:55:15.000Z","thermometer","temperature_min","°C",17.97
"2020-07-25T21:00:13.000Z","thermometer","temperature_min","°C",17.94
"2020-07-25T21:05:13.000Z","thermometer","temperature_min","°C",17.59
"2020-07-25T21:10:14.000Z","thermometer","temperature_min","°C",17.3
"2020-07-25T21:10:14.000Z","thermometer","temperature_min","°C",17.3
"2020-07-25T21:10:14.000Z","thermometer","temperature_min","°C",17.3
"2020-07-25T21:20:14.000Z","thermometer","temperature_min","°C",17.44
"2020-07-25T21:25:13.000Z","thermometer","temperature_min","°C",17.32
"2020-07-25T21:30:14.000Z","thermometer","temperature_min","°C",17.27
"2020-07-25T21:35:16.000Z","thermometer","temperature_min","°C",17.3
"2020-07-25T21:40:13.000Z","thermometer","temperature_min","°C",16.96
"2020-07-25T21:45:14.000Z","thermometer","temperature_min","°C",16.6
"2020-07-25T21:50:13.000Z","thermometer","temperature_min","°C",16.27
"2020-07-25T21:50:13.000Z","thermometer","temperature_min","°C",16.27
"2020-07-25T22:00:13.000Z","thermometer","temperature_min","°C",16.04
"2020-07-25T22:05:13.000Z","thermometer","temperature_min","°C",15.98
"2020-07-25T22:10:13.000Z","thermometer","temperature_min","°C",15.9
"2020-07-25T22:15:15.000Z","thermometer","temperature_min","°C",15.67
"2020-07-25T22:20:28.000Z","thermometer","temperature_min","°C",15.57
"2020-07-25T22:25:14.000Z","thermometer","temperature_min","°C",15.62
"2020-07-25T22:30:13.000Z","thermometer","temperature_min","°C",15.8
"2020-07-25T22:40:14.000Z","thermometer","temperature_min","°C",15.96
"2020-07-25T22:45:13.000Z","thermometer","temperature_min","°C",16.03
"2020-07-25T22:55:13.000Z","thermometer","temperature_min","°C",15.67
"2020-07-25T22:55:13.000Z","thermometer","temperature_min","°C",15.67
"2020-07-25T23:05:13.000Z","thermometer","temperature_min","°C",15.43
"2020-07-25T23:10:14.000Z","thermometer","temperature_min","°C",15.47
"2020-07-25T23:15:14.000Z","thermometer","temperature_min","°C",15.54
"2020-07-25T23:20:13.000Z","thermometer","temperature_min","°C",15.36
"2020-07-25T23:25:20.000Z","thermometer","temperature_min","°C",15.27
"2020-07-25T23:35:14.000Z","thermometer","temperature_min","°C",14.82
"2020-07-25T23:40:13.000Z","thermometer","temperature_min","°C",14.64
"2020-07-25T23:45:15.000Z","thermometer","temperature_min","°C",14.49
"2020-07-25T23:50:20.000Z","thermometer","temperature_min","°C",14.34
"2020-07-25T23:55:12.000Z","thermometer","temperature_min","°C",14.27
"2020-07-26T00:05:13.000Z","thermometer","temperature_min","°C",14.16
"2020-07-26T00:10:14.000Z","thermometer","temperature_min","°C",14.37
"2020-07-26T00:15:13.000Z","thermometer","temperature_min","°C",14.82
"2020-07-26T00:20:14.000Z","thermometer","temperature_min","°C",15.24
"2020-07-26T00:20:14.000Z","thermometer","temperature_min","°C",15.24
"2020-07-26T00:30:15.000Z","thermometer","temperature_min","°C",15.47
"2020-07-26T00:35:13.000Z","thermometer","temperature_min","°C",15.56
"2020-07-26T00:40:13.000Z","thermometer","temperature_min","°C",15.58
"2020-07-26T00:45:14.000Z","thermometer","temperature_min","°C",15.59
"2020-07-26T00:50:13.000Z","thermometer","temperature_min","°C",15.55
"2020-07-26T01:00:13.000Z","thermometer","temperature_min","°C",15.4
"2020-07-26T01:05:14.000Z","thermometer","temperature_min","°C",15.21
"2020-07-26T01:05:14.000Z","thermometer","temperature_min","°C",15.21
"2020-07-26T01:15:20.000Z","thermometer","temperature_min","°C",15.24
"2020-07-26T01:25:13.000Z","thermometer","temperature_min","°C",15.12
"2020-07-26T01:30:14.000Z","thermometer","temperature_min","°C",14.86
"2020-07-26T01:35:13.000Z","thermometer","temperature_min","°C",14.52
"2020-07-26T01:40:13.000Z","thermometer","temperature_min","°C",14.32
"2020-07-26T01:45:16.000Z","thermometer","temperature_min","°C",14.04
"2020-07-26T01:50:12.000Z","thermometer","temperature_min","°C",13.78
"2020-07-26T02:00:14.000Z","thermometer","temperature_min","°C",13.52
"2020-07-26T02:05:14.000Z","thermometer","temperature_min","°C",13.32
"2020-07-26T02:10:13.000Z","thermometer","temperature_min","°C",13.14
"2020-07-26T02:20:13.000Z","thermometer","temperature_min","°C",13.02
"2020-07-26T02:25:15.000Z","thermometer","temperature_min","°C",13.02
"2020-07-26T02:30:12.000Z","thermometer","temperature_min","°C",13.08
"2020-07-26T02:35:14.000Z","thermometer","temperature_min","°C",13.04
"2020-07-26T02:40:13.000Z","thermometer","temperature_min","°C",12.97
"2020-07-26T02:50:31.000Z","thermometer","temperature_min","°C",12.7
"2020-07-26T02:55:12.000Z","thermometer","temperature_min","°C",12.68
"2020-07-26T03:05:14.000Z","thermometer","temperature_min","°C",12.41
"2020-07-26T03:10:14.000Z","thermometer","temperature_min","°C",12.37
"2020-07-26T03:20:15.000Z","thermometer","temperature_min","°C",12.14
"2020-07-26T03:25:13.000Z","thermometer","temperature_min","°C",12.1
"2020-07-26T03:30:14.000Z","thermometer","temperature_min","°C",12.13
"2020-07-26T03:35:17.000Z","thermometer","temperature_min","°C",12.18
"2020-07-26T03:50:13.000Z","thermometer","temperature_min","°C",12.72
"2020-07-26T04:00:14.000Z","thermometer","temperature_min","°C",12.69
"2020-07-26T04:05:13.000Z","thermometer","temperature_min","°C",12.72
"2020-07-26T04:20:12.000Z","thermometer","temperature_min","°C",12.72
"2020-07-26T04:25:13.000Z","thermometer","temperature_min","°C",12.81
"2020-07-26T04:30:15.000Z","thermometer","temperature_min","°C",13
"2020-07-26T04:35:13.000Z","thermometer","temperature_min","°C",13.28
"2020-07-26T04:40:13.000Z","thermometer","temperature_min","°C",13.75
"2020-07-26T04:45:14.000Z","thermometer","temperature_min","°C",14.37
"2020-07-26T04:50:14.000Z","thermometer","temperature_min","°C",14.84
"2020-07-26T05:00:15.000Z","thermometer","temperature_min","°C",16.48
"2020-07-26T05:05:12.000Z","thermometer","temperature_min","°C",17.06
"2020-07-26T05:10:14.000Z","thermometer","temperature_min","°C",17.02
"2020-07-26T05:20:15.000Z","thermometer","temperature_min","°C",17.33
"2020-07-26T05:25:13.000Z","thermometer","temperature_min","°C",17.52
"2020-07-26T05:35:14.000Z","thermometer","temperature_min","°C",18.65
"2020-07-26T05:35:14.000Z","thermometer","temperature_min","°C",18.65
"2020-07-26T05:40:13.000Z","thermometer","temperature_min","°C",19.04
"2020-07-26T05:50:15.000Z","thermometer","temperature_min","°C",20.19
"2020-07-26T05:55:13.000Z","thermometer","temperature_min","°C",20.6
"2020-07-26T06:00:19.000Z","thermometer","temperature_min","°C",21.56
"2020-07-26T06:05:31.000Z","thermometer","temperature_min","°C",22.1
"2020-07-26T06:10:13.000Z","thermometer","temperature_min","°C",22.35
"2020-07-26T06:15:14.000Z","thermometer","temperature_min","°C",23.05
"2020-07-26T06:20:14.000Z","thermometer","temperature_min","°C",23.3
"2020-07-26T06:25:12.000Z","thermometer","temperature_min","°C",23.44
"2020-07-26T06:30:14.000Z","thermometer","temperature_min","°C",23.5
"2020-07-26T06:35:13.000Z","thermometer","temperature_min","°C",23.76
"2020-07-26T06:45:13.000Z","thermometer","temperature_min","°C",24.72
"2020-07-26T06:50:28.000Z","thermometer","temperature_min","°C",24.68
"2020-07-26T06:55:15.000Z","thermometer","temperature_min","°C",25.08
"2020-07-26T07:00:13.000Z","thermometer","temperature_min","°C",25.01
"2020-07-26T07:05:14.000Z","thermometer","temperature_min","°C",25.14
"2020-07-26T07:10:13.000Z","thermometer","temperature_min","°C",25.49
"2020-07-26T07:15:14.000Z","thermometer","temperature_min","°C",25.77
"2020-07-26T07:20:13.000Z","thermometer","temperature_min","°C",25.79
"2020-07-26T07:25:15.000Z","thermometer","temperature_min","°C",25.66
"2020-07-26T07:30:12.000Z","thermometer","temperature_min","°C",25.99
"2020-07-26T07:35:14.000Z","thermometer","temperature_min","°C",26.59
"2020-07-26T07:40:14.000Z","thermometer","temperature_min","°C",26.82
"2020-07-26T07:45:13.000Z","thermometer","temperature_min","°C",27.26
"2020-07-26T07:55:13.000Z","thermometer","temperature_min","°C",27.38
"2020-07-26T08:00:16.000Z","thermometer","temperature_min","°C",26.71
"2020-07-26T08:10:15.000Z","thermometer","temperature_min","°C",27.2
"2020-07-26T08:25:15.000Z","thermometer","temperature_min","°C",28.19
"2020-07-26T08:30:12.000Z","thermometer","temperature_min","°C",27.94
"2020-07-26T08:35:14.000Z","thermometer","temperature_min","°C",28.18
"2020-07-26T08:40:13.000Z","thermometer","temperature_min","°C",29.27
"2020-07-26T08:40:13.000Z","thermometer","temperature_min","°C",29.27
"2020-07-26T08:45:14.000Z","thermometer","temperature_min","°C",29.34
"2020-07-26T08:55:14.000Z","thermometer","temperature_min","°C",29.32
"2020-07-26T09:00:14.000Z","thermometer","temperature_min","°C",29.05
"2020-07-26T09:05:28.000Z","thermometer","temperature_min","°C",28.87
"2020-07-26T09:15:13.000Z","thermometer","temperature_min","°C",30.16
"2020-07-26T09:20:14.000Z","thermometer","temperature_min","°C",28.98
"2020-07-26T09:25:13.000Z","thermometer","temperature_min","°C",28.69
"2020-07-26T09:30:15.000Z","thermometer","temperature_min","°C",29.73
"2020-07-26T09:35:12.000Z","thermometer","temperature_min","°C",30.12
"2020-07-26T09:40:14.000Z","thermometer","temperature_min","°C",30.48
"2020-07-26T09:55:13.000Z","thermometer","temperature_min","°C",31
"2020-07-26T10:05:14.000Z","thermometer","temperature_min","°C",30.06
"2020-07-26T10:05:14.000Z","thermometer","temperature_min","°C",30.06
"2020-07-26T10:20:14.000Z","thermometer","temperature_min","°C",30.72
"2020-07-26T10:25:13.000Z","thermometer","temperature_min","°C",30.66
"2020-07-26T10:35:14.000Z","thermometer","temperature_min","°C",31.28
"2020-07-26T10:40:14.000Z","thermometer","temperature_min","°C",31.02
"2020-07-26T10:55:13.000Z","thermometer","temperature_min","°C",31.45
"2020-07-26T10:55:13.000Z","thermometer","temperature_min","°C",31.45
"2020-07-26T11:00:15.000Z","thermometer","temperature_min","°C",30.5
"2020-07-26T11:05:13.000Z","thermometer","temperature_min","°C",30.33
"2020-07-26T11:10:13.000Z","thermometer","temperature_min","°C",30.74
"2020-07-26T11:15:13.000Z","thermometer","temperature_min","°C",30.17
"2020-07-26T11:20:14.000Z","thermometer","temperature_min","°C",30.31
"2020-07-26T11:25:13.000Z","thermometer","temperature_min","°C",31.3
"2020-07-26T11:30:16.000Z","thermometer","temperature_min","°C",31.41
"2020-07-26T11:35:12.000Z","thermometer","temperature_min","°C",30.28
"2020-07-26T11:40:14.000Z","thermometer","temperature_min","°C",31.23
"2020-07-26T11:45:13.000Z","thermometer","temperature_min","°C",31.83
"2020-07-26T11:55:14.000Z","thermometer","temperature_min","°C",30.96
"2020-07-26T11:55:14.000Z","thermometer","temperature_min","°C",30.96
"2020-07-26T11:55:14.000Z","thermometer","temperature_min","°C",30.96
"2020-07-26T12:00:13.000Z","thermometer","temperature_min","°C",30.49
"2020-07-26T12:05:14.000Z","thermometer","temperature_min","°C",31.08
"2020-07-26T12:15:13.000Z","thermometer","temperature_min","°C",32.14
"2020-07-26T12:20:15.000Z","thermometer","temperature_min","°C",32.11
"2020-07-26T12:25:13.000Z","thermometer","temperature_min","°C",32.2
"2020-07-26T12:35:13.000Z","thermometer","temperature_min","°C",32.11
"2020-07-26T12:40:14.000Z","thermometer","temperature_min","°C",32.13
"2020-07-26T12:45:15.000Z","thermometer","temperature_min","°C",31.73
"2020-07-26T12:50:16.000Z","thermometer","temperature_min","°C",31.76
"2020-07-26T12:55:12.000Z","thermometer","temperature_min","°C",30.64
"2020-07-26T13:00:15.000Z","thermometer","temperature_min","°C",31.04
"2020-07-26T13:05:14.000Z","thermometer","temperature_min","°C",31.38
"2020-07-26T13:10:14.000Z","thermometer","temperature_min","°C",29.63
"2020-07-26T13:20:13.000Z","thermometer","temperature_min","°C",29.39
"2020-07-26T13:25:20.000Z","thermometer","temperature_min","°C",29.73
"2020-07-26T13:30:15.000Z","thermometer","temperature_min","°C",31.25
"2020-07-26T13:35:29.000Z","thermometer","temperature_min","°C",31.82
"2020-07-26T13:45:15.000Z","thermometer","temperature_min","°C",31.9
"2020-07-26T13:50:14.000Z","thermometer","temperature_min","°C",32.01
"2020-07-26T13:55:13.000Z","thermometer","temperature_min","°C",32.03
"2020-07-26T14:00:13.000Z","thermometer","temperature_min","°C",32.02
"2020-07-26T14:00:13.000Z","thermometer","temperature_min","°C",32.02
"2020-07-26T14:00:13.000Z","thermometer","temperature_min","°C",32.02
"2020-07-26T14:05:14.000Z","thermometer","temperature_min","°C",31.82
"2020-07-26T14:10:13.000Z","thermometer","temperature_min","°C",31.93
"2020-07-26T14:20:13.000Z","thermometer","temperature_min","°C",32.45
"2020-07-26T14:25:17.000Z","thermometer","temperature_min","°C",31.97
"2020-07-26T14:30:13.000Z","thermometer","temperature_min","°C",31.41
"2020-07-26T14:35:13.000Z","thermometer","temperature_min","°C",31.22
"2020-07-26T14:50:24.000Z","thermometer","temperature_min","°C",30.77
"2020-07-26T14:55:21.000Z","thermometer","temperature_min","°C",30.31
"2020-07-26T15:00:11.000Z","thermometer","temperature_min","°C",30.88
"2020-07-26T15:05:14.000Z","thermometer","temperature_min","°C",30.36
"2020-07-26T15:10:15.000Z","thermometer","temperature_min","°C",30.16
"2020-07-26T15:20:13.000Z","thermometer","temperature_min","°C",30.13
"2020-07-26T15:25:19.000Z","thermometer","temperature_min","°C",29.86
"2020-07-26T15:30:13.000Z","thermometer","temperature_min","°C",30.12
"2020-07-26T15:35:28.000Z","thermometer","temperature_min","°C",29.7
"2020-07-26T15:40:14.000Z","thermometer","temperature_min","°C",29.87
"2020-07-26T15:45:13.000Z","thermometer","temperature_min","°C",30.04
"2020-07-26T15:50:14.000Z","thermometer","temperature_min","°C",29.59
"2020-07-26T15:55:13.000Z","thermometer","temperature_min","°C",29.84
"2020-07-26T16:00:14.000Z","thermometer","temperature_min","°C",30.05
"2020-07-26T16:05:14.000Z","thermometer","temperature_min","°C",29.43
"2020-07-26T16:10:13.000Z","thermometer","temperature_min","°C",29.38
"2020-07-26T16:15:13.000Z","thermometer","temperature_min","°C",29.53
"2020-07-26T16:20:15.000Z","thermometer","temperature_min","°C",29.21
"2020-07-26T16:25:13.000Z","thermometer","temperature_min","°C",29.25
"2020-07-26T16:30:13.000Z","thermometer","temperature_min","°C",28.92
"2020-07-26T16:35:14.000Z","thermometer","temperature_min","°C",28.91
"2020-07-26T16:40:13.000Z","thermometer","temperature_min","°C",28.82
"2020-07-26T16:45:14.000Z","thermometer","temperature_min","°C",28.62
"2020-07-26T16:50:14.000Z","thermometer","temperature_min","°C",28.69
"2020-07-26T16:55:13.000Z","thermometer","temperature_min","°C",28.74
"2020-07-26T17:00:13.000Z","thermometer","temperature_min","°C",28.42
"2020-07-26T17:05:14.000Z","thermometer","temperature_min","°C",28.42
"2020-07-26T17:10:14.000Z","thermometer","temperature_min","°C",28.35
"2020-07-26T17:15:13.000Z","thermometer","temperature_min","°C",28.15
"2020-07-26T17:25:15.000Z","thermometer","temperature_min","°C",27.56
"2020-07-26T17:30:13.000Z","thermometer","temperature_min","°C",27.49
"2020-07-26T17:35:13.000Z","thermometer","temperature_min","°C",27.15
"2020-07-26T17:40:20.000Z","thermometer","temperature_min","°C",26.95
"2020-07-26T17:55:14.000Z","thermometer","temperature_min","°C",26.13
"2020-07-26T18:00:13.000Z","thermometer","temperature_min","°C",25.86
"2020-07-26T18:05:14.000Z","thermometer","temperature_min","°C",25.22
"2020-07-26T18:10:14.000Z","thermometer","temperature_min","°C",24.91
"2020-07-26T18:15:13.000Z","thermometer","temperature_min","°C",24.8
"2020-07-26T18:20:15.000Z","thermometer","temperature_min","°C",24.84
"2020-07-26T18:25:13.000Z","thermometer","temperature_min","°C",24.76
"2020-07-26T18:30:16.000Z","thermometer","temperature_min","°C",24.66
"2020-07-26T18:35:12.000Z","thermometer","temperature_min","°C",24.6
"2020-07-26T18:40:19.000Z","thermometer","temperature_min","°C",24.4
"2020-07-26T18:45:14.000Z","thermometer","temperature_min","°C",24.25
"2020-07-26T18:50:20.000Z","thermometer","temperature_min","°C",23.75
"2020-07-26T18:55:14.000Z","thermometer","temperature_min","°C",23.48
"2020-07-26T19:05:31.000Z","thermometer","temperature_min","°C",23.06
"2020-07-26T19:10:13.000Z","thermometer","temperature_min","°C",22.51
"2020-07-26T19:15:20.000Z","thermometer","temperature_min","°C",22.09
"2020-07-26T19:20:15.000Z","thermometer","temperature_min","°C",21.58
"2020-07-26T19:25:13.000Z","thermometer","temperature_min","°C",21.04
"2020-07-26T19:30:13.000Z","thermometer","temperature_min","°C",20.92
"2020-07-26T19:35:14.000Z","thermometer","temperature_min","°C",20.42
"2020-07-26T19:40:14.000Z","thermometer","temperature_min","°C",19.98
"2020-07-26T19:45:12.000Z","thermometer","temperature_min","°C",19.35
"2020-07-26T19:50:14.000Z","thermometer","temperature_min","°C",18.88
"2020-07-26T19:55:14.000Z","thermometer","temperature_min","°C",18.64
"2020-07-26T20:00:14.000Z","thermometer","temperature_min","°C",18.45
"2020-07-26T20:05:13.000Z","thermometer","temperature_min","°C",18.33
"2020-07-26T20:10:14.000Z","thermometer","temperature_min","°C",18.05
"2020-07-26T20:15:30.000Z","thermometer","temperature_min","°C",17.97
"2020-07-26T20:20:13.000Z","thermometer","temperature_min","°C",17.76
"2020-07-26T20:25:13.000Z","thermometer","temperature_min","°C",17.45
"2020-07-26T20:35:15.000Z","thermometer","temperature_min","°C",17.02
"2020-07-26T20:35:15.000Z","thermometer","temperature_min","°C",17.02
"2020-07-26T20:40:13.000Z","thermometer","temperature_min","°C",17
"2020-07-26T20:45:13.000Z","thermometer","temperature_min","°C",17.09
"2020-07-26T20:50:15.000Z","thermometer","temperature_min","°C",17.3
"2020-07-26T20:55:13.000Z","thermometer","temperature_min","°C",17.93
"2020-07-26T21:05:14.000Z","thermometer","temperature_min","°C",17.51
"2020-07-26T21:05:14.000Z","thermometer","temperature_min","°C",17.51
"2020-07-26T21:10:13.000Z","thermometer","temperature_min","°C",17.06
"2020-07-26T21:10:13.000Z","thermometer","temperature_min","°C",17.06
"2020-07-26T21:20:14.000Z","thermometer","temperature_min","°C",16.74
"2020-07-26T21:25:13.000Z","thermometer","temperature_min","°C",17.06
"2020-07-26T21:30:13.000Z","thermometer","temperature_min","°C",17.25
"2020-07-26T21:35:15.000Z","thermometer","temperature_min","°C",17.15
"2020-07-26T21:40:13.000Z","thermometer","temperature_min","°C",16.85
"2020-07-26T21:45:13.000Z","thermometer","temperature_min","°C",16.59
"2020-07-26T21:50:13.000Z","thermometer","temperature_min","°C",16.43
"2020-07-26T21:55:15.000Z","thermometer","temperature_min","°C",16.35
"2020-07-26T22:00:15.000Z","thermometer","temperature_min","°C",16.29
"2020-07-26T22:05:19.000Z","thermometer","temperature_min","°C",16.14
"2020-07-26T22:10:19.000Z","thermometer","temperature_min","°C",15.92
"2020-07-26T22:15:15.000Z","thermometer","temperature_min","°C",15.79
"2020-07-26T22:20:16.000Z","thermometer","temperature_min","°C",15.83
"2020-07-26T22:25:16.000Z","thermometer","temperature_min","°C",15.85
"2020-07-26T22:30:13.000Z","thermometer","temperature_min","°C",16.13
"2020-07-26T22:35:28.000Z","thermometer","temperature_min","°C",16.11
"2020-07-26T22:40:14.000Z","thermometer","temperature_min","°C",16.14
"2020-07-26T22:45:14.000Z","thermometer","temperature_min","°C",16.33
"2020-07-26T22:50:13.000Z","thermometer","temperature_min","°C",16.5
"2020-07-26T22:55:13.000Z","thermometer","temperature_min","°C",16.4
"2020-07-26T23:00:15.000Z","thermometer","temperature_min","°C",16.38
"2020-07-26T23:05:12.000Z","thermometer","temperature_min","°C",16.3
"2020-07-26T23:10:15.000Z","thermometer","temperature_min","°C",16.2
"2020-07-26T23:15:16.000Z","thermometer","temperature_min","°C",16.2
"2020-07-26T23:20:12.000Z","thermometer","temperature_min","°C",16.34
"2020-07-26T23:25:14.000Z","thermometer","temperature_min","°C",16.14
"2020-07-26T23:30:13.000Z","thermometer","temperature_min","°C",16.1
"2020-07-26T23:35:16.000Z","thermometer","temperature_min","°C",16.16
"2020-07-26T23:40:13.000Z","thermometer","temperature_min","°C",16.34
"2020-07-26T23:45:14.000Z","thermometer","temperature_min","°C",16.27
"2020-07-26T23:55:13.000Z","thermometer","temperature_min","°C",16.08
"2020-07-27T00:00:13.000Z","thermometer","temperature_min","°C",16.02
"2020-07-27T00:05:15.000Z","thermometer","temperature_min","°C",16.02
"2020-07-27T00:10:12.000Z","thermometer","temperature_min","°C",16.18
"2020-07-27T00:15:14.000Z","thermometer","temperature_min","°C",16.24
"2020-07-27T00:20:14.000Z","thermometer","temperature_min","°C",16.04
"2020-07-27T00:20:14.000Z","thermometer","temperature_min","°C",16.04
"2020-07-27T00:25:13.000Z","thermometer","temperature_min","°C",15.79
"2020-07-27T00:30:15.000Z","thermometer","temperature_min","°C",15.75
"2020-07-27T00:45:13.000Z","thermometer","temperature_min","°C",15.65
"2020-07-27T00:45:13.000Z","thermometer","temperature_min","°C",15.65
"2020-07-27T00:50:13.000Z","thermometer","temperature_min","°C",15.48
"2020-07-27T00:55:15.000Z","thermometer","temperature_min","°C",15.47
"2020-07-27T01:00:12.000Z","thermometer","temperature_min","°C",15.58
"2020-07-27T01:05:14.000Z","thermometer","temperature_min","°C",15.61
"2020-07-27T01:10:13.000Z","thermometer","temperature_min","°C",15.51
"2020-07-27T01:15:15.000Z","thermometer","temperature_min","°C",15.27
"2020-07-27T01:20:13.000Z","thermometer","temperature_min","°C",15.08
"2020-07-27T01:25:16.000Z","thermometer","temperature_min","°C",15.03
"2020-07-27T01:30:13.000Z","thermometer","temperature_min","°C",15.01
"2020-07-27T01:35:13.000Z","thermometer","temperature_min","°C",15.02
"2020-07-27T01:35:13.000Z","thermometer","temperature_min","°C",15.02
"2020-07-27T01:40:14.000Z","thermometer","temperature_min","°C",14.97
"2020-07-27T01:40:14.000Z","thermometer","temperature_min","°C",14.97
"2020-07-27T01:45:13.000Z","thermometer","temperature_min","°C",14.84
"2020-07-27T01:50:15.000Z","thermometer","temperature_min","°C",14.71
"2020-07-27T02:00:13.000Z","thermometer","temperature_min","°C",14.66
"2020-07-27T02:00:13.000Z","thermometer","temperature_min","°C",14.66
"2020-07-27T02:05:15.000Z","thermometer","temperature_min","°C",14.74
"2020-07-27T02:15:13.000Z","thermometer","temperature_min","°C",14.83
"2020-07-27T02:20:15.000Z","thermometer","temperature_min","°C",14.86
"2020-07-27T02:25:13.000Z","thermometer","temperature_min","°C",15
"2020-07-27T02:30:28.000Z","thermometer","temperature_min","°C",15.18
"2020-07-27T02:30:28.000Z","thermometer","temperature_min","°C",15.18
"2020-07-27T02:35:14.000Z","thermometer","temperature_min","°C",15.26
"2020-07-27T02:40:14.000Z","thermometer","temperature_min","°C",15.44
"2020-07-27T02:45:12.000Z","thermometer","temperature_min","°C",15.85
"2020-07-27T02:50:14.000Z","thermometer","temperature_min","°C",16.24
"2020-07-27T02:50:14.000Z","thermometer","temperature_min","°C",16.24
"2020-07-27T02:55:15.000Z","thermometer","temperature_min","°C",16.45
"2020-07-27T03:00:13.000Z","thermometer","temperature_min","°C",16.6
"2020-07-27T03:05:13.000Z","thermometer","temperature_min","°C",16.71
"2020-07-27T03:10:15.000Z","thermometer","temperature_min","°C",16.86
"2020-07-27T03:15:12.000Z","thermometer","temperature_min","°C",16.75
"2020-07-27T03:20:15.000Z","thermometer","temperature_min","°C",16.55
"2020-07-27T03:25:13.000Z","thermometer","temperature_min","°C",16.45
"2020-07-27T03:30:13.000Z","thermometer","temperature_min","°C",16.32
"2020-07-27T03:35:14.000Z","thermometer","temperature_min","°C",16.28
"2020-07-27T03:40:13.000Z","thermometer","temperature_min","°C",16.24
"2020-07-27T03:45:14.000Z","thermometer","temperature_min","°C",16.22
"2020-07-27T03:50:13.000Z","thermometer","temperature_min","°C",16.26
"2020-07-27T03:55:14.000Z","thermometer","temperature_min","°C",16.32
"2020-07-27T04:00:13.000Z","thermometer","temperature_min","°C",16.32
"2020-07-27T04:05:14.000Z","thermometer","temperature_min","°C",16.42
"2020-07-27T04:10:13.000Z","thermometer","temperature_min","°C",16.43
"2020-07-27T04:15:14.000Z","thermometer","temperature_min","°C",16.48
"2020-07-27T04:20:14.000Z","thermometer","temperature_min","°C",16.48
"2020-07-27T04:25:13.000Z","thermometer","temperature_min","°C",16.53
"2020-07-27T04:30:14.000Z","thermometer","temperature_min","°C",16.65
"2020-07-27T04:35:14.000Z","thermometer","temperature_min","°C",16.9
"2020-07-27T04:40:13.000Z","thermometer","temperature_min","°C",17.14
"2020-07-27T04:45:14.000Z","thermometer","temperature_min","°C",17.5
"2020-07-27T04:50:13.000Z","thermometer","temperature_min","°C",17.7
"2020-07-27T04:55:14.000Z","thermometer","temperature_min","°C",18.05
"2020-07-27T05:00:13.000Z","thermometer","temperature_min","°C",18.4
"2020-07-27T05:05:14.000Z","thermometer","temperature_min","°C",18.78
"2020-07-27T05:10:14.000Z","thermometer","temperature_min","°C",19.43
"2020-07-27T05:20:14.000Z","thermometer","temperature_min","°C",20.63
"2020-07-27T05:25:14.000Z","thermometer","temperature_min","°C",21
"2020-07-27T05:30:13.000Z","thermometer","temperature_min","°C",21.38
"2020-07-27T05:35:31.000Z","thermometer","temperature_min","°C",21.99
"2020-07-27T05:40:11.000Z","thermometer","temperature_min","°C",22.62
"2020-07-27T05:45:15.000Z","thermometer","temperature_min","°C",23.14
"2020-07-27T05:50:13.000Z","thermometer","temperature_min","°C",23.76
"2020-07-27T05:55:15.000Z","thermometer","temperature_min","°C",24.14
"2020-07-27T06:00:12.000Z","thermometer","temperature_min","°C",24.52
"2020-07-27T06:05:14.000Z","thermometer","temperature_min","°C",24.75
"2020-07-27T06:10:13.000Z","thermometer","temperature_min","°C",25.01
"2020-07-27T06:15:15.000Z","thermometer","temperature_min","°C",24.98
"2020-07-27T06:20:13.000Z","thermometer","temperature_min","°C",25.24
"2020-07-27T06:25:13.000Z","thermometer","temperature_min","°C",25.19
"2020-07-27T06:30:14.000Z","thermometer","temperature_min","°C",25.33
"2020-07-27T06:35:13.000Z","thermometer","temperature_min","°C",25.64
"2020-07-27T06:40:14.000Z","thermometer","temperature_min","°C",25.53
"2020-07-27T06:45:13.000Z","thermometer","temperature_min","°C",25.78
"2020-07-27T06:50:14.000Z","thermometer","temperature_min","°C",26.01
"2020-07-27T06:55:13.000Z","thermometer","temperature_min","°C",26.08
"2020-07-27T07:00:15.000Z","thermometer","temperature_min","°C",26.65
"2020-07-27T07:05:13.000Z","thermometer","temperature_min","°C",26.97
"2020-07-27T07:10:13.000Z","thermometer","temperature_min","°C",27.15
"2020-07-27T07:15:14.000Z","thermometer","temperature_min","°C",27.57
"2020-07-27T07:20:13.000Z","thermometer","temperature_min","°C",27.48
"2020-07-27T07:25:14.000Z","thermometer","temperature_min","°C",28.06
"2020-07-27T07:30:13.000Z","thermometer","temperature_min","°C",27.96
"2020-07-27T07:35:31.000Z","thermometer","temperature_min","°C",28.2
"2020-07-27T07:40:12.000Z","thermometer","temperature_min","°C",28.24
"2020-07-27T07:45:14.000Z","thermometer","temperature_min","°C",28.59
"2020-07-27T07:50:14.000Z","thermometer","temperature_min","°C",29.07
"2020-07-27T07:55:13.000Z","thermometer","temperature_min","°C",28.76
"2020-07-27T08:00:14.000Z","thermometer","temperature_min","°C",29.16
"2020-07-27T08:05:13.000Z","thermometer","temperature_min","°C",29.12
"2020-07-27T08:10:14.000Z","thermometer","temperature_min","°C",28.93
"2020-07-27T08:15:13.000Z","thermometer","temperature_min","°C",29.11
"2020-07-27T08:20:15.000Z","thermometer","temperature_min","°C",29.16
"2020-07-27T08:25:13.000Z","thermometer","temperature_min","°C",30.12
"2020-07-27T08:30:13.000Z","thermometer","temperature_min","°C",30.52
"2020-07-27T08:35:14.000Z","thermometer","temperature_min","°C",30.23
"2020-07-27T08:40:13.000Z","thermometer","temperature_min","°C",30.09
"2020-07-27T08:45:15.000Z","thermometer","temperature_min","°C",30.3
"2020-07-27T08:50:12.000Z","thermometer","temperature_min","°C",30.16
"2020-07-27T08:55:15.000Z","thermometer","temperature_min","°C",30.25
"2020-07-27T09:00:13.000Z","thermometer","temperature_min","°C",30.7
"2020-07-27T09:05:13.000Z","thermometer","temperature_min","°C",31.48
"2020-07-27T09:10:15.000Z","thermometer","temperature_min","°C",31.56
"2020-07-27T09:15:12.000Z","thermometer","temperature_min","°C",30.96
"2020-07-27T09:20:14.000Z","thermometer","temperature_min","°C",31.2
"2020-07-27T09:25:13.000Z","thermometer","temperature_min","°C",31.08
"2020-07-27T09:30:14.000Z","thermometer","temperature_min","°C",30.96
"2020-07-27T09:35:13.000Z","thermometer","temperature_min","°C",31.82
"2020-07-27T09:40:31.000Z","thermometer","temperature_min","°C",31.09
"2020-07-27T09:45:12.000Z","thermometer","temperature_min","°C",31.18
"2020-07-27T09:50:15.000Z","thermometer","temperature_min","°C",31.93
"2020-07-27T09:55:13.000Z","thermometer","temperature_min","°C",31.52
"2020-07-27T10:00:13.000Z","thermometer","temperature_min","°C",30.72
"2020-07-27T10:05:14.000Z","thermometer","temperature_min","°C",30.56
"2020-07-27T10:10:13.000Z","thermometer","temperature_min","°C",31.36
"2020-07-27T10:15:14.000Z","thermometer","temperature_min","°C",31.75
"2020-07-27T10:20:13.000Z","thermometer","temperature_min","°C",32.64
"2020-07-27T10:25:15.000Z","thermometer","temperature_min","°C",32.38
"2020-07-27T10:30:13.000Z","thermometer","temperature_min","°C",32.47
"2020-07-27T10:35:13.000Z","thermometer","temperature_min","°C",32.4
"2020-07-27T10:40:14.000Z","thermometer","temperature_min","°C",32.32
"2020-07-27T10:45:13.000Z","thermometer","temperature_min","°C",32.86
"2020-07-27T10:50:13.000Z","thermometer","temperature_min","°C",32.29
"2020-07-27T10:55:14.000Z","thermometer","temperature_min","°C",32.91
"2020-07-27T11:00:14.000Z","thermometer","temperature_min","°C",32.34
"2020-07-27T11:05:13.000Z","thermometer","temperature_min","°C",32.6
"2020-07-27T11:10:14.000Z","thermometer","temperature_min","°C",32.37
"2020-07-27T11:15:14.000Z","thermometer","temperature_min","°C",32.81
"2020-07-27T11:20:13.000Z","thermometer","temperature_min","°C",32.74
"2020-07-27T11:25:13.000Z","thermometer","temperature_min","°C",32.9
"2020-07-27T11:30:14.000Z","thermometer","temperature_min","°C",33.18
"2020-07-27T11:35:14.000Z","thermometer","temperature_min","°C",33.6
"2020-07-27T11:40:13.000Z","thermometer","temperature_min","°C",32.93
"2020-07-27T11:45:14.000Z","thermometer","temperature_min","°C",32.68
"2020-07-27T11:50:13.000Z","thermometer","temperature_min","°C",33.14
"2020-07-27T11:55:14.000Z","thermometer","temperature_min","°C",33.25
"2020-07-27T12:00:31.000Z","thermometer","temperature_min","°C",33.73
"2020-07-27T12:05:12.000Z","thermometer","temperature_min","°C",33.46
"2020-07-27T12:10:14.000Z","thermometer","temperature_min","°C",34.1
"2020-07-27T12:15:13.000Z","thermometer","temperature_min","°C",33.84
"2020-07-27T12:20:14.000Z","thermometer","temperature_min","°C",33.05
"2020-07-27T12:25:13.000Z","thermometer","temperature_min","°C",34.04
"2020-07-27T12:30:14.000Z","thermometer","temperature_min","°C",33.92
"2020-07-27T12:35:14.000Z","thermometer","temperature_min","°C",33.66
"2020-07-27T12:40:13.000Z","thermometer","temperature_min","°C",34.12
"2020-07-27T12:45:13.000Z","thermometer","temperature_min","°C",34.63
"2020-07-27T12:50:14.000Z","thermometer","temperature_min","°C",34.82
"2020-07-27T12:55:16.000Z","thermometer","temperature_min","°C",35
"2020-07-27T13:00:14.000Z","thermometer","temperature_min","°C",33.57
"2020-07-27T13:05:12.000Z","thermometer","temperature_min","°C",33.82
"2020-07-27T13:10:14.000Z","thermometer","temperature_min","°C",34.13
"2020-07-27T13:15:15.000Z","thermometer","temperature_min","°C",34.32
"2020-07-27T13:20:16.000Z","thermometer","temperature_min","°C",34.24
"2020-07-27T13:25:12.000Z","thermometer","temperature_min","°C",34.84
"2020-07-27T13:30:14.000Z","thermometer","temperature_min","°C",33.98
"2020-07-27T13:35:13.000Z","thermometer","temperature_min","°C",34.14
"2020-07-27T13:40:15.000Z","thermometer","temperature_min","°C",34
"2020-07-27T13:45:13.000Z","thermometer","temperature_min","°C",33.95
"2020-07-27T13:50:13.000Z","thermometer","temperature_min","°C",33.78
"2020-07-27T14:00:14.000Z","thermometer","temperature_min","°C",33.25
"2020-07-27T14:05:13.000Z","thermometer","temperature_min","°C",33.28
"2020-07-27T14:10:14.000Z","thermometer","temperature_min","°C",33.08
"2020-07-27T14:15:14.000Z","thermometer","temperature_min","°C",33.27
"2020-07-27T14:20:28.000Z","thermometer","temperature_min","°C",32.83
"2020-07-27T14:25:14.000Z","thermometer","temperature_min","°C",32.66
"2020-07-27T14:30:14.000Z","thermometer","temperature_min","°C",32.53
"2020-07-27T14:30:14.000Z","thermometer","temperature_min","°C",32.53
"2020-07-27T14:40:15.000Z","thermometer","temperature_min","°C",32.98
"2020-07-27T14:50:14.000Z","thermometer","temperature_min","°C",32.14
"2020-07-27T14:55:13.000Z","thermometer","temperature_min","°C",32.4
"2020-07-27T14:55:13.000Z","thermometer","temperature_min","°C",32.4
"2020-07-27T15:05:13.000Z","thermometer","temperature_min","°C",32.21
"2020-07-27T15:05:13.000Z","thermometer","temperature_min","°C",32.21
"2020-07-27T15:10:13.000Z","thermometer","temperature_min","°C",31.9
"2020-07-27T15:15:14.000Z","thermometer","temperature_min","°C",31.8
"2020-07-27T15:20:15.000Z","thermometer","temperature_min","°C",31.49
"2020-07-27T15:25:13.000Z","thermometer","temperature_min","°C",31.32
"2020-07-27T15:30:13.000Z","thermometer","temperature_min","°C",31.46
"2020-07-27T15:45:14.000Z","thermometer","temperature_min","°C",31.14
"2020-07-27T15:50:13.000Z","thermometer","temperature_min","°C",31.09
"2020-07-27T15:55:14.000Z","thermometer","temperature_min","°C",30.92
"2020-07-27T16:00:13.000Z","thermometer","temperature_min","°C",30.99
"2020-07-27T16:05:15.000Z","thermometer","temperature_min","°C",30.76
"2020-07-27T16:15:13.000Z","thermometer","temperature_min","°C",30.14
"2020-07-27T16:20:15.000Z","thermometer","temperature_min","°C",30.44
"2020-07-27T16:30:15.000Z","thermometer","temperature_min","°C",30.52
"2020-07-27T16:35:13.000Z","thermometer","temperature_min","°C",30.05
"2020-07-27T16:40:12.000Z","thermometer","temperature_min","°C",29.64
"2020-07-27T16:50:13.000Z","thermometer","temperature_min","°C",29.62
"2020-07-27T16:55:14.000Z","thermometer","temperature_min","°C",29.39
"2020-07-27T17:05:14.000Z","thermometer","temperature_min","°C",29.13
"2020-07-27T17:10:13.000Z","thermometer","temperature_min","°C",28.95
"2020-07-27T17:15:15.000Z","thermometer","temperature_min","°C",28.82
"2020-07-27T17:15:15.000Z","thermometer","temperature_min","°C",28.82
"2020-07-27T17:20:14.000Z","thermometer","temperature_min","°C",28.56
"2020-07-27T17:25:12.000Z","thermometer","temperature_min","°C",28.46
"2020-07-27T17:25:12.000Z","thermometer","temperature_min","°C",28.46
"2020-07-27T17:30:14.000Z","thermometer","temperature_min","°C",28.18
"2020-07-27T17:35:13.000Z","thermometer","temperature_min","°C",27.96
"2020-07-27T17:45:13.000Z","thermometer","temperature_min","°C",27.63
"2020-07-27T17:50:15.000Z","thermometer","temperature_min","°C",27.31
"2020-07-27T17:55:12.000Z","thermometer","temperature_min","°C",26.81
"2020-07-27T18:00:14.000Z","thermometer","temperature_min","°C",26.4
"2020-07-27T18:10:14.000Z","thermometer","temperature_min","°C",25.59
"2020-07-27T18:15:14.000Z","thermometer","temperature_min","°C",25.31
"2020-07-27T18:20:13.000Z","thermometer","temperature_min","°C",24.95
"2020-07-27T18:25:15.000Z","thermometer","temperature_min","°C",24.59
"2020-07-27T18:35:31.000Z","thermometer","temperature_min","°C",23.84
"2020-07-27T18:50:13.000Z","thermometer","temperature_min","°C",22.38
"2020-07-27T19:05:13.000Z","thermometer","temperature_min","°C",21.57
"2020-07-27T19:10:15.000Z","thermometer","temperature_min","°C",21.26
"2020-07-27T19:15:13.000Z","thermometer","temperature_min","°C",21
"2020-07-27T19:20:13.000Z","thermometer","temperature_min","°C",20.5
"2020-07-27T19:25:13.000Z","thermometer","temperature_min","°C",20.09
"2020-07-27T19:35:14.000Z","thermometer","temperature_min","°C",19.9
"2020-07-27T19:40:13.000Z","thermometer","temperature_min","°C",19.68
"2020-07-27T19:45:15.000Z","thermometer","temperature_min","°C",19.42
"2020-07-27T19:50:13.000Z","thermometer","temperature_min","°C",19.21
"2020-07-27T19:55:13.000Z","thermometer","temperature_min","°C",18.97
"2020-07-27T20:00:13.000Z","thermometer","temperature_min","°C",18.88
"2020-07-27T20:05:31.000Z","thermometer","temperature_min","°C",18.85
"2020-07-27T20:15:13.000Z","thermometer","temperature_min","°C",18.62
"2020-07-27T20:15:13.000Z","thermometer","temperature_min","°C",18.62
"2020-07-27T20:20:14.000Z","thermometer","temperature_min","°C",18.44
"2020-07-27T20:25:13.000Z","thermometer","temperature_min","°C",18.22
"2020-07-27T20:30:14.000Z","thermometer","temperature_min","°C",18.06
"2020-07-27T20:35:13.000Z","thermometer","temperature_min","°C",17.88
"2020-07-27T20:40:14.000Z","thermometer","temperature_min","°C",17.7
"2020-07-27T20:45:13.000Z","thermometer","temperature_min","°C",17.53
"2020-07-27T20:50:15.000Z","thermometer","temperature_min","°C",17.41
"2020-07-27T20:55:13.000Z","thermometer","temperature_min","°C",17.24
"2020-07-27T21:00:13.000Z","thermometer","temperature_min","°C",17.21
"2020-07-27T21:05:15.000Z","thermometer","temperature_min","°C",17.24
"2020-07-27T21:10:12.000Z","thermometer","temperature_min","°C",17.33
"2020-07-27T21:15:14.000Z","thermometer","temperature_min","°C",17.35
"2020-07-27T21:20:13.000Z","thermometer","temperature_min","°C",17.32
"2020-07-27T21:25:15.000Z","thermometer","temperature_min","°C",17.3
"2020-07-27T21:35:13.000Z","thermometer","temperature_min","°C",17.48
"2020-07-27T21:40:31.000Z","thermometer","temperature_min","°C",17.55
"2020-07-27T21:45:12.000Z","thermometer","temperature_min","°C",17.66
"2020-07-27T21:50:14.000Z","thermometer","temperature_min","°C",17.74
"2020-07-27T21:55:13.000Z","thermometer","temperature_min","°C",17.8
"2020-07-27T22:05:12.000Z","thermometer","temperature_min","°C",17.75
"2020-07-27T22:10:15.000Z","thermometer","temperature_min","°C",17.73
"2020-07-27T22:15:13.000Z","thermometer","temperature_min","°C",17.7
"2020-07-27T22:25:14.000Z","thermometer","temperature_min","°C",17.63
"2020-07-27T22:30:13.000Z","thermometer","temperature_min","°C",17.56
"2020-07-27T22:35:14.000Z","thermometer","temperature_min","°C",17.53
"2020-07-27T22:40:13.000Z","thermometer","temperature_min","°C",17.48
"2020-07-27T22:45:15.000Z","thermometer","temperature_min","°C",17.42
"2020-07-27T22:50:13.000Z","thermometer","temperature_min","°C",17.36
"2020-07-27T22:55:13.000Z","thermometer","temperature_min","°C",17.24
"2020-07-27T23:00:14.000Z","thermometer","temperature_min","°C",17.08
"2020-07-27T23:05:13.000Z","thermometer","temperature_min","°C",16.95
"2020-07-27T23:10:14.000Z","thermometer","temperature_min","°C",16.97
"2020-07-27T23:15:13.000Z","thermometer","temperature_min","°C",16.99
"2020-07-27T23:20:15.000Z","thermometer","temperature_min","°C",17
"2020-07-27T23:25:13.000Z","thermometer","temperature_min","°C",16.99
"2020-07-27T23:30:13.000Z","thermometer","temperature_min","°C",16.9
"2020-07-27T23:35:13.000Z","thermometer","temperature_min","°C",16.83
"2020-07-27T23:40:14.000Z","thermometer","temperature_min","°C",16.8
"2020-07-27T23:45:14.000Z","thermometer","temperature_min","°C",16.74
"2020-07-27T23:50:13.000Z","thermometer","temperature_min","°C",16.65
"2020-07-27T23:55:14.000Z","thermometer","temperature_min","°C",16.6
"2020-07-28T00:05:14.000Z","thermometer","temperature_min","°C",16.4
"2020-07-28T00:10:13.000Z","thermometer","temperature_min","°C",16.28
"2020-07-28T00:15:14.000Z","thermometer","temperature_min","°C",16.24
"2020-07-28T00:20:14.000Z","thermometer","temperature_min","°C",16.19
"2020-07-28T00:30:19.000Z","thermometer","temperature_min","°C",16.28
"2020-07-28T00:40:13.000Z","thermometer","temperature_min","°C",16.42
"2020-07-28T00:50:15.000Z","thermometer","temperature_min","°C",16.28
"2020-07-28T00:55:13.000Z","thermometer","temperature_min","°C",16.22
"2020-07-28T01:05:13.000Z","thermometer","temperature_min","°C",16
"2020-07-28T01:10:14.000Z","thermometer","temperature_min","°C",15.98
"2020-07-28T01:15:14.000Z","thermometer","temperature_min","°C",15.97
"2020-07-28T01:20:13.000Z","thermometer","temperature_min","°C",16
"2020-07-28T01:25:15.000Z","thermometer","temperature_min","°C",16.04
"2020-07-28T01:25:15.000Z","thermometer","temperature_min","°C",16.04
"2020-07-28T01:30:12.000Z","thermometer","temperature_min","°C",16.1
"2020-07-28T01:35:14.000Z","thermometer","temperature_min","°C",16.03
"2020-07-28T01:40:13.000Z","thermometer","temperature_min","°C",15.95
"2020-07-28T01:45:15.000Z","thermometer","temperature_min","°C",15.96
"2020-07-28T01:45:15.000Z","thermometer","temperature_min","°C",15.96
"2020-07-28T01:50:13.000Z","thermometer","temperature_min","°C",15.96
"2020-07-28T02:00:14.000Z","thermometer","temperature_min","°C",15.82
"2020-07-28T02:05:13.000Z","thermometer","temperature_min","°C",15.74
"2020-07-28T02:15:12.000Z","thermometer","temperature_min","°C",15.7
"2020-07-28T02:15:12.000Z","thermometer","temperature_min","°C",15.7
"2020-07-28T02:25:13.000Z","thermometer","temperature_min","°C",15.59
"2020-07-28T02:30:13.000Z","thermometer","temperature_min","°C",15.6
"2020-07-28T02:35:13.000Z","thermometer","temperature_min","°C",15.59
"2020-07-28T02:40:17.000Z","thermometer","temperature_min","°C",15.57
"2020-07-28T02:50:14.000Z","thermometer","temperature_min","°C",15.51
"2020-07-28T03:00:14.000Z","thermometer","temperature_min","°C",15.28
"2020-07-28T03:05:14.000Z","thermometer","temperature_min","°C",15.12
"2020-07-28T03:10:13.000Z","thermometer","temperature_min","°C",15.02
"2020-07-28T03:15:14.000Z","thermometer","temperature_min","°C",15
"2020-07-28T03:20:14.000Z","thermometer","temperature_min","°C",15.01
"2020-07-28T03:25:14.000Z","thermometer","temperature_min","°C",14.98
"2020-07-28T03:30:28.000Z","thermometer","temperature_min","°C",14.93
"2020-07-28T03:35:14.000Z","thermometer","temperature_min","°C",14.88
"2020-07-28T03:40:13.000Z","thermometer","temperature_min","°C",14.92
"2020-07-28T03:45:15.000Z","thermometer","temperature_min","°C",14.93
"2020-07-28T03:50:13.000Z","thermometer","temperature_min","°C",14.9
"2020-07-28T03:55:13.000Z","thermometer","temperature_min","°C",14.95
"2020-07-28T04:00:15.000Z","thermometer","temperature_min","°C",15.04
"2020-07-28T04:05:12.000Z","thermometer","temperature_min","°C",15.1
"2020-07-28T04:10:14.000Z","thermometer","temperature_min","°C",15.11
"2020-07-28T04:15:14.000Z","thermometer","temperature_min","°C",15.08
"2020-07-28T04:20:13.000Z","thermometer","temperature_min","°C",15.12
"2020-07-28T04:25:13.000Z","thermometer","temperature_min","°C",15.3
"2020-07-28T04:30:15.000Z","thermometer","temperature_min","°C",15.53
"2020-07-28T04:35:13.000Z","thermometer","temperature_min","°C",15.8
"2020-07-28T04:40:13.000Z","thermometer","temperature_min","°C",15.98
"2020-07-28T04:45:14.000Z","thermometer","temperature_min","°C",16.14
"2020-07-28T04:50:13.000Z","thermometer","temperature_min","°C",16.78
"2020-07-28T04:55:14.000Z","thermometer","temperature_min","°C",16.92
"2020-07-28T05:00:14.000Z","thermometer","temperature_min","°C",17.74
"2020-07-28T05:05:13.000Z","thermometer","temperature_min","°C",17.97
"2020-07-28T05:10:15.000Z","thermometer","temperature_min","°C",18.1
"2020-07-28T05:15:12.000Z","thermometer","temperature_min","°C",18.43
"2020-07-28T05:20:14.000Z","thermometer","temperature_min","°C",19.04
"2020-07-28T05:25:13.000Z","thermometer","temperature_min","°C",19.69
"2020-07-28T05:30:14.000Z","thermometer","temperature_min","°C",20.13
"2020-07-28T05:35:14.000Z","thermometer","temperature_min","°C",20.8
"2020-07-28T05:40:13.000Z","thermometer","temperature_min","°C",21.14
"2020-07-28T05:45:14.000Z","thermometer","temperature_min","°C",21.18
"2020-07-28T05:50:14.000Z","thermometer","temperature_min","°C",22.09
"2020-07-28T05:55:13.000Z","thermometer","temperature_min","°C",22.7
"2020-07-28T06:00:31.000Z","thermometer","temperature_min","°C",23.05
"2020-07-28T06:05:12.000Z","thermometer","temperature_min","°C",23.2
"2020-07-28T06:10:13.000Z","thermometer","temperature_min","°C",23.54
"2020-07-28T06:15:14.000Z","thermometer","temperature_min","°C",23.88
"2020-07-28T06:20:14.000Z","thermometer","temperature_min","°C",24.77
"2020-07-28T06:25:13.000Z","thermometer","temperature_min","°C",25.19
"2020-07-28T06:30:15.000Z","thermometer","temperature_min","°C",25.7
"2020-07-28T06:35:12.000Z","thermometer","temperature_min","°C",26.14
"2020-07-28T06:45:12.000Z","thermometer","temperature_min","°C",26.32
"2020-07-28T06:50:14.000Z","thermometer","temperature_min","°C",26.98
"2020-07-28T07:00:13.000Z","thermometer","temperature_min","°C",26.98
"2020-07-28T07:05:14.000Z","thermometer","temperature_min","°C",26.98
"2020-07-28T07:10:13.000Z","thermometer","temperature_min","°C",27.56
"2020-07-28T07:10:13.000Z","thermometer","temperature_min","°C",27.56
"2020-07-28T07:15:15.000Z","thermometer","temperature_min","°C",27.61
"2020-07-28T07:20:12.000Z","thermometer","temperature_min","°C",27.9
"2020-07-28T07:25:14.000Z","thermometer","temperature_min","°C",27.96
"2020-07-28T07:30:13.000Z","thermometer","temperature_min","°C",28.42
"2020-07-28T07:35:31.000Z","thermometer","temperature_min","°C",28.66
"2020-07-28T07:45:14.000Z","thermometer","temperature_min","°C",28.9
"2020-07-28T07:50:14.000Z","thermometer","temperature_min","°C",28.66
"2020-07-28T07:55:13.000Z","thermometer","temperature_min","°C",29.28
"2020-07-28T08:00:14.000Z","thermometer","temperature_min","°C",29.59
"2020-07-28T08:05:13.000Z","thermometer","temperature_min","°C",29.75
"2020-07-28T08:10:14.000Z","thermometer","temperature_min","°C",30.08
"2020-07-28T08:10:14.000Z","thermometer","temperature_min","°C",30.08
"2020-07-28T08:15:14.000Z","thermometer","temperature_min","°C",30.26
"2020-07-28T08:20:13.000Z","thermometer","temperature_min","°C",30.12
"2020-07-28T08:30:13.000Z","thermometer","temperature_min","°C",30.32
"2020-07-28T08:35:14.000Z","thermometer","temperature_min","°C",30.17
"2020-07-28T08:40:13.000Z","thermometer","temperature_min","°C",30.41
"2020-07-28T08:45:15.000Z","thermometer","temperature_min","°C",30.56
"2020-07-28T08:50:12.000Z","thermometer","temperature_min","°C",30.44
"2020-07-28T08:55:15.000Z","thermometer","temperature_min","°C",31.53
"2020-07-28T09:00:13.000Z","thermometer","temperature_min","°C",31.26
"2020-07-28T09:05:13.000Z","thermometer","temperature_min","°C",31.88
"2020-07-28T09:10:31.000Z","thermometer","temperature_min","°C",32.14
"2020-07-28T09:15:12.000Z","thermometer","temperature_min","°C",32.36
"2020-07-28T09:20:15.000Z","thermometer","temperature_min","°C",32.56
"2020-07-28T09:25:12.000Z","thermometer","temperature_min","°C",32.92
"2020-07-28T09:30:14.000Z","thermometer","temperature_min","°C",32.52
"2020-07-28T09:30:14.000Z","thermometer","temperature_min","°C",32.52
"2020-07-28T09:35:13.000Z","thermometer","temperature_min","°C",32.97
"2020-07-28T09:40:14.000Z","thermometer","temperature_min","°C",32.63
"2020-07-28T09:40:14.000Z","thermometer","temperature_min","°C",32.63
"2020-07-28T09:40:14.000Z","thermometer","temperature_min","°C",32.63
"2020-07-28T09:45:13.000Z","thermometer","temperature_min","°C",32.95
"2020-07-28T09:50:14.000Z","thermometer","temperature_min","°C",33
"2020-07-28T09:55:14.000Z","thermometer","temperature_min","°C",32.42
"2020-07-28T10:05:14.000Z","thermometer","temperature_min","°C",32
"2020-07-28T10:10:13.000Z","thermometer","temperature_min","°C",32.27
"2020-07-28T10:15:14.000Z","thermometer","temperature_min","°C",31.93
"2020-07-28T10:20:16.000Z","thermometer","temperature_min","°C",32.15
"2020-07-28T10:25:15.000Z","thermometer","temperature_min","°C",32.28
"2020-07-28T10:30:14.000Z","thermometer","temperature_min","°C",32.72
"2020-07-28T10:35:16.000Z","thermometer","temperature_min","°C",32.75
"2020-07-28T10:40:13.000Z","thermometer","temperature_min","°C",33.17
"2020-07-28T10:45:13.000Z","thermometer","temperature_min","°C",33.74
"2020-07-28T10:50:14.000Z","thermometer","temperature_min","°C",33.54
"2020-07-28T11:00:14.000Z","thermometer","temperature_min","°C",33.62
"2020-07-28T11:05:13.000Z","thermometer","temperature_min","°C",33.08
"2020-07-28T11:10:14.000Z","thermometer","temperature_min","°C",33.32
"2020-07-28T11:15:16.000Z","thermometer","temperature_min","°C",33.18
"2020-07-28T11:20:13.000Z","thermometer","temperature_min","°C",33.44
"2020-07-28T11:25:23.000Z","thermometer","temperature_min","°C",33.13
"2020-07-28T11:30:12.000Z","thermometer","temperature_min","°C",33.2
"2020-07-28T11:35:14.000Z","thermometer","temperature_min","°C",33.34
"2020-07-28T11:40:14.000Z","thermometer","temperature_min","°C",33.42
"2020-07-28T11:45:13.000Z","thermometer","temperature_min","°C",33.88
"2020-07-28T11:50:14.000Z","thermometer","temperature_min","°C",33.86
"2020-07-28T11:55:13.000Z","thermometer","temperature_min","°C",33.85
"2020-07-28T12:00:15.000Z","thermometer","temperature_min","°C",33.91
"2020-07-28T12:05:28.000Z","thermometer","temperature_min","°C",34.45
"2020-07-28T12:10:13.000Z","thermometer","temperature_min","°C",34.21
"2020-07-28T12:15:14.000Z","thermometer","temperature_min","°C",34.4
"2020-07-28T12:20:13.000Z","thermometer","temperature_min","°C",34.34
"2020-07-28T12:30:13.000Z","thermometer","temperature_min","°C",34.5
"2020-07-28T12:35:15.000Z","thermometer","temperature_min","°C",35.43
"2020-07-28T12:40:12.000Z","thermometer","temperature_min","°C",34.92
"2020-07-28T12:45:15.000Z","thermometer","temperature_min","°C",35.24
"2020-07-28T12:50:13.000Z","thermometer","temperature_min","°C",35.13
"2020-07-28T12:55:13.000Z","thermometer","temperature_min","°C",34.86
"2020-07-28T13:00:14.000Z","thermometer","temperature_min","°C",35.33
"2020-07-28T13:05:13.000Z","thermometer","temperature_min","°C",34.33
"2020-07-28T13:10:14.000Z","thermometer","temperature_min","°C",34.24
"2020-07-28T13:15:14.000Z","thermometer","temperature_min","°C",34.72
"2020-07-28T13:20:13.000Z","thermometer","temperature_min","°C",34.6
"2020-07-28T13:25:14.000Z","thermometer","temperature_min","°C",34.1
"2020-07-28T13:30:13.000Z","thermometer","temperature_min","°C",33.88
"2020-07-28T13:35:14.000Z","thermometer","temperature_min","°C",33.81
"2020-07-28T13:40:13.000Z","thermometer","temperature_min","°C",33.64
"2020-07-28T13:45:14.000Z","thermometer","temperature_min","°C",33.18
"2020-07-28T13:50:14.000Z","thermometer","temperature_min","°C",33.28
"2020-07-28T14:00:14.000Z","thermometer","temperature_min","°C",32.74
"2020-07-28T14:05:13.000Z","thermometer","temperature_min","°C",32.55
"2020-07-28T14:15:13.000Z","thermometer","temperature_min","°C",32.86
"2020-07-28T14:20:20.000Z","thermometer","temperature_min","°C",33.14
"2020-07-28T14:25:17.000Z","thermometer","temperature_min","°C",32.52
"2020-07-28T14:30:28.000Z","thermometer","temperature_min","°C",32.57
"2020-07-28T14:35:13.000Z","thermometer","temperature_min","°C",32.49
"2020-07-28T14:40:13.000Z","thermometer","temperature_min","°C",32.94
"2020-07-28T14:40:13.000Z","thermometer","temperature_min","°C",32.94
"2020-07-28T14:45:14.000Z","thermometer","temperature_min","°C",32.6
"2020-07-28T14:50:14.000Z","thermometer","temperature_min","°C",32.43
"2020-07-28T14:55:13.000Z","thermometer","temperature_min","°C",32.44
"2020-07-28T15:00:13.000Z","thermometer","temperature_min","°C",32.14
"2020-07-28T15:05:14.000Z","thermometer","temperature_min","°C",32.38
"2020-07-28T15:10:13.000Z","thermometer","temperature_min","°C",32.53
"2020-07-28T15:15:15.000Z","thermometer","temperature_min","°C",32.71
"2020-07-28T15:20:13.000Z","thermometer","temperature_min","°C",32.27
"2020-07-28T15:25:13.000Z","thermometer","temperature_min","°C",31.69
"2020-07-28T15:30:15.000Z","thermometer","temperature_min","°C",31.75
"2020-07-28T15:35:13.000Z","thermometer","temperature_min","°C",31.79
"2020-07-28T15:40:13.000Z","thermometer","temperature_min","°C",31.68
"2020-07-28T15:45:13.000Z","thermometer","temperature_min","°C",31.55
"2020-07-28T15:50:14.000Z","thermometer","temperature_min","°C",31.62
"2020-07-28T15:55:13.000Z","thermometer","temperature_min","°C",31.54
"2020-07-28T16:00:15.000Z","thermometer","temperature_min","°C",31.02
"2020-07-28T16:05:13.000Z","thermometer","temperature_min","°C",30.9
"2020-07-28T16:10:13.000Z","thermometer","temperature_min","°C",31.03
"2020-07-28T16:15:14.000Z","thermometer","temperature_min","°C",30.8
"2020-07-28T16:20:13.000Z","thermometer","temperature_min","°C",30.63
"2020-07-28T16:25:13.000Z","thermometer","temperature_min","°C",30.76
"2020-07-28T16:30:15.000Z","thermometer","temperature_min","°C",30.74
"2020-07-28T16:35:13.000Z","thermometer","temperature_min","°C",30.66
"2020-07-28T16:40:13.000Z","thermometer","temperature_min","°C",30.28
"2020-07-28T16:45:14.000Z","thermometer","temperature_min","°C",30.04
"2020-07-28T16:50:14.000Z","thermometer","temperature_min","°C",30.02
"2020-07-28T16:55:13.000Z","thermometer","temperature_min","°C",29.94
"2020-07-28T17:00:14.000Z","thermometer","temperature_min","°C",29.86
"2020-07-28T17:05:13.000Z","thermometer","temperature_min","°C",29.73
"2020-07-28T17:10:14.000Z","thermometer","temperature_min","°C",29.65
"2020-07-28T17:15:13.000Z","thermometer","temperature_min","°C",29.44
"2020-07-28T17:20:14.000Z","thermometer","temperature_min","°C",29.25
"2020-07-28T17:25:13.000Z","thermometer","temperature_min","°C",29.06
"2020-07-28T17:35:13.000Z","thermometer","temperature_min","°C",28.73
"2020-07-28T17:40:13.000Z","thermometer","temperature_min","°C",28.51
"2020-07-28T17:45:15.000Z","thermometer","temperature_min","°C",28.22
"2020-07-28T17:50:12.000Z","thermometer","temperature_min","°C",27.91
"2020-07-28T17:55:15.000Z","thermometer","temperature_min","°C",27.5
"2020-07-28T18:00:13.000Z","thermometer","temperature_min","°C",27.21
"2020-07-28T18:05:28.000Z","thermometer","temperature_min","°C",26.95
"2020-07-28T18:10:14.000Z","thermometer","temperature_min","°C",26.73
"2020-07-28T18:15:13.000Z","thermometer","temperature_min","°C",26.61
"2020-07-28T18:20:14.000Z","thermometer","temperature_min","°C",26.52
"2020-07-28T18:25:14.000Z","thermometer","temperature_min","°C",26.3
"2020-07-28T18:30:13.000Z","thermometer","temperature_min","°C",26.06
"2020-07-28T18:35:13.000Z","thermometer","temperature_min","°C",25.87
"2020-07-28T18:40:14.000Z","thermometer","temperature_min","°C",25.76
"2020-07-28T18:45:13.000Z","thermometer","temperature_min","°C",25.62
"2020-07-28T18:50:15.000Z","thermometer","temperature_min","°C",25.41
"2020-07-28T19:00:13.000Z","thermometer","temperature_min","°C",24.88
"2020-07-28T19:05:15.000Z","thermometer","temperature_min","°C",24.51
"2020-07-28T19:10:12.000Z","thermometer","temperature_min","°C",24.2
"2020-07-28T19:15:15.000Z","thermometer","temperature_min","°C",23.95
"2020-07-28T19:20:13.000Z","thermometer","temperature_min","°C",23.75
"2020-07-28T19:25:13.000Z","thermometer","temperature_min","°C",23.61
"2020-07-28T19:30:13.000Z","thermometer","temperature_min","°C",23.42
"2020-07-28T19:35:14.000Z","thermometer","temperature_min","°C",23.26
"2020-07-28T19:40:14.000Z","thermometer","temperature_min","°C",23.16
"2020-07-28T19:45:13.000Z","thermometer","temperature_min","°C",22.85
"2020-07-28T19:50:15.000Z","thermometer","temperature_min","°C",22.63
"2020-07-28T19:55:13.000Z","thermometer","temperature_min","°C",22.4
"2020-07-28T20:00:13.000Z","thermometer","temperature_min","°C",22.08
"2020-07-28T20:05:13.000Z","thermometer","temperature_min","°C",21.8
"2020-07-28T20:10:14.000Z","thermometer","temperature_min","°C",21.59
"2020-07-28T20:15:14.000Z","thermometer","temperature_min","°C",21.21
"2020-07-28T20:20:13.000Z","thermometer","temperature_min","°C",20.73
"2020-07-28T20:25:14.000Z","thermometer","temperature_min","°C",20.64
"2020-07-28T20:30:14.000Z","thermometer","temperature_min","°C",20.5
"2020-07-28T20:35:13.000Z","thermometer","temperature_min","°C",20.29
"2020-07-28T20:40:13.000Z","thermometer","temperature_min","°C",20.03
"2020-07-28T20:45:17.000Z","thermometer","temperature_min","°C",19.86
"2020-07-28T20:50:15.000Z","thermometer","temperature_min","°C",19.64
"2020-07-28T20:55:13.000Z","thermometer","temperature_min","°C",19.36
"2020-07-28T21:00:14.000Z","thermometer","temperature_min","°C",19.32
"2020-07-28T21:05:13.000Z","thermometer","temperature_min","°C",19.21
"2020-07-28T21:10:14.000Z","thermometer","temperature_min","°C",19.09
"2020-07-28T21:15:13.000Z","thermometer","temperature_min","°C",19.08
"2020-07-28T21:20:15.000Z","thermometer","temperature_min","°C",19
"2020-07-28T21:25:12.000Z","thermometer","temperature_min","°C",18.98
"2020-07-28T21:30:15.000Z","thermometer","temperature_min","°C",18.96
"2020-07-28T21:35:13.000Z","thermometer","temperature_min","°C",18.88
"2020-07-28T21:40:13.000Z","thermometer","temperature_min","°C",18.94
"2020-07-28T21:45:14.000Z","thermometer","temperature_min","°C",18.98
"2020-07-28T21:50:13.000Z","thermometer","temperature_min","°C",19
"2020-07-28T21:55:14.000Z","thermometer","temperature_min","°C",19.03
"2020-07-28T22:00:31.000Z","thermometer","temperature_min","°C",18.98
"2020-07-28T22:05:12.000Z","thermometer","temperature_min","°C",18.95
"2020-07-28T22:10:14.000Z","thermometer","temperature_min","°C",19.04
"2020-07-28T22:15:13.000Z","thermometer","temperature_min","°C",19.04
"2020-07-28T22:20:14.000Z","thermometer","temperature_min","°C",19.17
"2020-07-28T22:25:13.000Z","thermometer","temperature_min","°C",19.38
"2020-07-28T22:30:14.000Z","thermometer","temperature_min","°C",19.62
"2020-07-28T22:35:13.000Z","thermometer","temperature_min","°C",19.7
"2020-07-28T22:40:15.000Z","thermometer","temperature_min","°C",19.72
"2020-07-28T22:45:14.000Z","thermometer","temperature_min","°C",19.76
"2020-07-28T22:50:12.000Z","thermometer","temperature_min","°C",19.7
"2020-07-28T22:55:14.000Z","thermometer","temperature_min","°C",19.58
"2020-07-28T23:00:13.000Z","thermometer","temperature_min","°C",19.38
"2020-07-28T23:05:15.000Z","thermometer","temperature_min","°C",19.25
"2020-07-28T23:10:12.000Z","thermometer","temperature_min","°C",19.06
"2020-07-28T23:15:14.000Z","thermometer","temperature_min","°C",18.9
"2020-07-28T23:20:13.000Z","thermometer","temperature_min","°C",18.81
"2020-07-28T23:25:15.000Z","thermometer","temperature_min","°C",18.84
"2020-07-28T23:30:13.000Z","thermometer","temperature_min","°C",18.97
"2020-07-28T23:35:13.000Z","thermometer","temperature_min","°C",18.96
"2020-07-28T23:40:14.000Z","thermometer","temperature_min","°C",18.85
"2020-07-28T23:45:13.000Z","thermometer","temperature_min","°C",18.78
"2020-07-28T23:50:15.000Z","thermometer","temperature_min","°C",18.71
"2020-07-28T23:55:12.000Z","thermometer","temperature_min","°C",18.56
"2020-07-29T00:00:14.000Z","thermometer","temperature_min","°C",18.52
"2020-07-29T00:05:13.000Z","thermometer","temperature_min","°C",18.49
"2020-07-29T00:10:14.000Z","thermometer","temperature_min","°C",18.43
"2020-07-29T00:15:13.000Z","thermometer","temperature_min","°C",18.4
"2020-07-29T00:20:15.000Z","thermometer","temperature_min","°C",18.32
"2020-07-29T00:25:13.000Z","thermometer","temperature_min","°C",18.24
"2020-07-29T00:30:13.000Z","thermometer","temperature_min","°C",18.2
"2020-07-29T00:35:15.000Z","thermometer","temperature_min","°C",18.12
"2020-07-29T00:40:12.000Z","thermometer","temperature_min","°C",18.11
"2020-07-29T00:45:14.000Z","thermometer","temperature_min","°C",18.17
"2020-07-29T00:50:13.000Z","thermometer","temperature_min","°C",18.16
"2020-07-29T00:55:15.000Z","thermometer","temperature_min","°C",18.1
"2020-07-29T01:00:13.000Z","thermometer","temperature_min","°C",18.03
"2020-07-29T01:05:13.000Z","thermometer","temperature_min","°C",18
"2020-07-29T01:10:13.000Z","thermometer","temperature_min","°C",18.04
"2020-07-29T01:15:14.000Z","thermometer","temperature_min","°C",18.02
"2020-07-29T01:20:14.000Z","thermometer","temperature_min","°C",18.01
"2020-07-29T01:30:15.000Z","thermometer","temperature_min","°C",17.96
"2020-07-29T01:35:12.000Z","thermometer","temperature_min","°C",17.94
"2020-07-29T01:40:15.000Z","thermometer","temperature_min","°C",17.94
"2020-07-29T01:45:17.000Z","thermometer","temperature_min","°C",17.88
"2020-07-29T01:50:13.000Z","thermometer","temperature_min","°C",17.9
"2020-07-29T01:55:14.000Z","thermometer","temperature_min","°C",17.94
"2020-07-29T02:00:28.000Z","thermometer","temperature_min","°C",17.85
"2020-07-29T02:05:14.000Z","thermometer","temperature_min","°C",17.74
"2020-07-29T02:10:13.000Z","thermometer","temperature_min","°C",17.63
"2020-07-29T02:15:15.000Z","thermometer","temperature_min","°C",17.58
"2020-07-29T02:20:13.000Z","thermometer","temperature_min","°C",17.57
"2020-07-29T02:25:13.000Z","thermometer","temperature_min","°C",17.58
"2020-07-29T02:30:14.000Z","thermometer","temperature_min","°C",17.48
"2020-07-29T02:35:13.000Z","thermometer","temperature_min","°C",17.45
"2020-07-29T02:40:15.000Z","thermometer","temperature_min","°C",17.42
"2020-07-29T02:45:12.000Z","thermometer","temperature_min","°C",17.43
"2020-07-29T02:50:15.000Z","thermometer","temperature_min","°C",17.46
"2020-07-29T02:55:13.000Z","thermometer","temperature_min","°C",17.52
"2020-07-29T03:00:13.000Z","thermometer","temperature_min","°C",17.52
"2020-07-29T03:05:13.000Z","thermometer","temperature_min","°C",17.49
"2020-07-29T03:10:15.000Z","thermometer","temperature_min","°C",17.38
"2020-07-29T03:15:13.000Z","thermometer","temperature_min","°C",17.28
"2020-07-29T03:20:13.000Z","thermometer","temperature_min","°C",17.26
"2020-07-29T03:25:19.000Z","thermometer","temperature_min","°C",17.23
"2020-07-29T03:30:12.000Z","thermometer","temperature_min","°C",17.2
"2020-07-29T03:35:14.000Z","thermometer","temperature_min","°C",17.17
"2020-07-29T03:40:31.000Z","thermometer","temperature_min","°C",17.15
"2020-07-29T03:45:12.000Z","thermometer","temperature_min","°C",17.14
"2020-07-29T03:50:14.000Z","thermometer","temperature_min","°C",17.13
"2020-07-29T03:55:13.000Z","thermometer","temperature_min","°C",17.14
"2020-07-29T04:00:19.000Z","thermometer","temperature_min","°C",17.08
"2020-07-29T04:05:15.000Z","thermometer","temperature_min","°C",16.99
"2020-07-29T04:10:13.000Z","thermometer","temperature_min","°C",16.96
"2020-07-29T04:15:13.000Z","thermometer","temperature_min","°C",16.94
"2020-07-29T04:20:15.000Z","thermometer","temperature_min","°C",16.98
"2020-07-29T04:25:13.000Z","thermometer","temperature_min","°C",17.02
"2020-07-29T04:30:13.000Z","thermometer","temperature_min","°C",17.04
"2020-07-29T04:35:15.000Z","thermometer","temperature_min","°C",17.23
"2020-07-29T04:40:13.000Z","thermometer","temperature_min","°C",17.41
"2020-07-29T04:45:13.000Z","thermometer","temperature_min","°C",17.71
"2020-07-29T04:50:14.000Z","thermometer","temperature_min","°C",17.89
"2020-07-29T04:55:13.000Z","thermometer","temperature_min","°C",18.24
"2020-07-29T05:00:15.000Z","thermometer","temperature_min","°C",18.37
"2020-07-29T05:05:12.000Z","thermometer","temperature_min","°C",18.67
"2020-07-29T05:10:14.000Z","thermometer","temperature_min","°C",19.08
"2020-07-29T05:15:13.000Z","thermometer","temperature_min","°C",19.37
"2020-07-29T05:20:14.000Z","thermometer","temperature_min","°C",20.02
"2020-07-29T05:25:14.000Z","thermometer","temperature_min","°C",20.86
"2020-07-29T05:30:13.000Z","thermometer","temperature_min","°C",21.41
"2020-07-29T05:35:14.000Z","thermometer","temperature_min","°C",21.54
"2020-07-29T05:40:14.000Z","thermometer","temperature_min","°C",21.87
"2020-07-29T05:45:13.000Z","thermometer","temperature_min","°C",22.11
"2020-07-29T05:50:13.000Z","thermometer","temperature_min","°C",22.68
"2020-07-29T05:55:13.000Z","thermometer","temperature_min","°C",23.16
"2020-07-29T06:00:14.000Z","thermometer","temperature_min","°C",23.84
"2020-07-29T06:05:31.000Z","thermometer","temperature_min","°C",24.7
"2020-07-29T06:10:13.000Z","thermometer","temperature_min","°C",25.06
"2020-07-29T06:15:13.000Z","thermometer","temperature_min","°C",25.66
"2020-07-29T06:20:15.000Z","thermometer","temperature_min","°C",26.21
"2020-07-29T06:25:12.000Z","thermometer","temperature_min","°C",26.24
"2020-07-29T06:30:15.000Z","thermometer","temperature_min","°C",26.45
"2020-07-29T06:35:13.000Z","thermometer","temperature_min","°C",26.65
"2020-07-29T06:40:13.000Z","thermometer","temperature_min","°C",26.88
"2020-07-29T06:45:13.000Z","thermometer","temperature_min","°C",27.18
"2020-07-29T06:50:15.000Z","thermometer","temperature_min","°C",27.39
"2020-07-29T06:55:13.000Z","thermometer","temperature_min","°C",28.04
"2020-07-29T07:00:13.000Z","thermometer","temperature_min","°C",28.1
"2020-07-29T07:05:14.000Z","thermometer","temperature_min","°C",27.86
"2020-07-29T07:10:13.000Z","thermometer","temperature_min","°C",27.81
"2020-07-29T07:15:14.000Z","thermometer","temperature_min","°C",28.07
"2020-07-29T07:20:13.000Z","thermometer","temperature_min","°C",28.7
"2020-07-29T07:25:15.000Z","thermometer","temperature_min","°C",28.6
"2020-07-29T07:25:15.000Z","thermometer","temperature_min","°C",28.6
"2020-07-29T07:30:13.000Z","thermometer","temperature_min","°C",28.86
"2020-07-29T07:35:13.000Z","thermometer","temperature_min","°C",29.35
"2020-07-29T07:40:14.000Z","thermometer","temperature_min","°C",29.06
"2020-07-29T07:45:13.000Z","thermometer","temperature_min","°C",29.5
"2020-07-29T07:50:16.000Z","thermometer","temperature_min","°C",29.65
"2020-07-29T07:55:13.000Z","thermometer","temperature_min","°C",30.17
"2020-07-29T08:00:14.000Z","thermometer","temperature_min","°C",30.31
"2020-07-29T08:05:13.000Z","thermometer","temperature_min","°C",30.18
"2020-07-29T08:10:14.000Z","thermometer","temperature_min","°C",30.42
"2020-07-29T08:15:14.000Z","thermometer","temperature_min","°C",30.6
"2020-07-29T08:20:13.000Z","thermometer","temperature_min","°C",31.01
"2020-07-29T08:25:14.000Z","thermometer","temperature_min","°C",30.28
"2020-07-29T08:30:13.000Z","thermometer","temperature_min","°C",30.46
"2020-07-29T08:35:14.000Z","thermometer","temperature_min","°C",31.22
"2020-07-29T08:40:13.000Z","thermometer","temperature_min","°C",30.96
"2020-07-29T08:45:14.000Z","thermometer","temperature_min","°C",31.28
"2020-07-29T08:50:13.000Z","thermometer","temperature_min","°C",31.48
"2020-07-29T08:55:14.000Z","thermometer","temperature_min","°C",31.48
"2020-07-29T09:00:14.000Z","thermometer","temperature_min","°C",32.41
"2020-07-29T09:05:13.000Z","thermometer","temperature_min","°C",32.49
"2020-07-29T09:15:13.000Z","thermometer","temperature_min","°C",32.96
"2020-07-29T09:20:14.000Z","thermometer","temperature_min","°C",32.76
"2020-07-29T09:25:13.000Z","thermometer","temperature_min","°C",32.89
"2020-07-29T09:30:14.000Z","thermometer","temperature_min","°C",32.91
"2020-07-29T09:35:14.000Z","thermometer","temperature_min","°C",33
"2020-07-29T09:40:13.000Z","thermometer","temperature_min","°C",33.12
"2020-07-29T09:45:14.000Z","thermometer","temperature_min","°C",33.07
"2020-07-29T09:50:13.000Z","thermometer","temperature_min","°C",32.89
"2020-07-29T09:55:14.000Z","thermometer","temperature_min","°C",33.73
"2020-07-29T10:00:13.000Z","thermometer","temperature_min","°C",33.8
"2020-07-29T10:05:14.000Z","thermometer","temperature_min","°C",34.21
"2020-07-29T10:10:13.000Z","thermometer","temperature_min","°C",33.57
"2020-07-29T10:15:14.000Z","thermometer","temperature_min","°C",33.17
"2020-07-29T10:20:14.000Z","thermometer","temperature_min","°C",33.11
"2020-07-29T10:25:13.000Z","thermometer","temperature_min","°C",32.89
"2020-07-29T10:30:14.000Z","thermometer","temperature_min","°C",33.95
"2020-07-29T10:35:15.000Z","thermometer","temperature_min","°C",34.51
"2020-07-29T10:40:14.000Z","thermometer","temperature_min","°C",33.85
"2020-07-29T10:45:13.000Z","thermometer","temperature_min","°C",33.87
"2020-07-29T10:50:14.000Z","thermometer","temperature_min","°C",34.08
"2020-07-29T10:55:14.000Z","thermometer","temperature_min","°C",34.55
"2020-07-29T11:00:13.000Z","thermometer","temperature_min","°C",34.73
"2020-07-29T11:05:14.000Z","thermometer","temperature_min","°C",34.62
"2020-07-29T11:10:13.000Z","thermometer","temperature_min","°C",34.55
"2020-07-29T11:15:15.000Z","thermometer","temperature_min","°C",34.23
"2020-07-29T11:20:12.000Z","thermometer","temperature_min","°C",34.35
"2020-07-29T11:25:15.000Z","thermometer","temperature_min","°C",33.91
"2020-07-29T11:30:13.000Z","thermometer","temperature_min","°C",34.1
"2020-07-29T11:35:15.000Z","thermometer","temperature_min","°C",35.11
"2020-07-29T11:40:14.000Z","thermometer","temperature_min","°C",34.34
"2020-07-29T11:45:13.000Z","thermometer","temperature_min","°C",34.93
"2020-07-29T11:50:14.000Z","thermometer","temperature_min","°C",35.67
"2020-07-29T11:55:13.000Z","thermometer","temperature_min","°C",35.33
"2020-07-29T12:00:14.000Z","thermometer","temperature_min","°C",34.96
"2020-07-29T12:00:14.000Z","thermometer","temperature_min","°C",34.96
"2020-07-29T12:05:13.000Z","thermometer","temperature_min","°C",35.38
"2020-07-29T12:10:14.000Z","thermometer","temperature_min","°C",35.91
"2020-07-29T12:15:31.000Z","thermometer","temperature_min","°C",34.93
"2020-07-29T12:20:12.000Z","thermometer","temperature_min","°C",35.74
"2020-07-29T12:25:14.000Z","thermometer","temperature_min","°C",35.53
"2020-07-29T12:30:13.000Z","thermometer","temperature_min","°C",35.63
"2020-07-29T12:35:13.000Z","thermometer","temperature_min","°C",35.14
"2020-07-29T12:40:14.000Z","thermometer","temperature_min","°C",35
"2020-07-29T12:45:13.000Z","thermometer","temperature_min","°C",35.9
"2020-07-29T12:50:14.000Z","thermometer","temperature_min","°C",35.99
"2020-07-29T12:55:14.000Z","thermometer","temperature_min","°C",35.39
"2020-07-29T13:00:14.000Z","thermometer","temperature_min","°C",36.32
"2020-07-29T13:05:14.000Z","thermometer","temperature_min","°C",35.85
"2020-07-29T13:10:13.000Z","thermometer","temperature_min","°C",35.98
"2020-07-29T13:15:13.000Z","thermometer","temperature_min","°C",37.07
"2020-07-29T13:20:14.000Z","thermometer","temperature_min","°C",36.19
"2020-07-29T13:25:13.000Z","thermometer","temperature_min","°C",35.89
"2020-07-29T13:30:14.000Z","thermometer","temperature_min","°C",36.01
"2020-07-29T13:35:14.000Z","thermometer","temperature_min","°C",35.9
"2020-07-29T13:40:13.000Z","thermometer","temperature_min","°C",36.08
"2020-07-29T13:45:14.000Z","thermometer","temperature_min","°C",35.94
"2020-07-29T13:50:28.000Z","thermometer","temperature_min","°C",35.92
"2020-07-29T13:55:14.000Z","thermometer","temperature_min","°C",35.45
"2020-07-29T14:00:13.000Z","thermometer","temperature_min","°C",35.72
"2020-07-29T14:05:15.000Z","thermometer","temperature_min","°C",35.76
"2020-07-29T14:10:13.000Z","thermometer","temperature_min","°C",35.95
"2020-07-29T14:15:13.000Z","thermometer","temperature_min","°C",36.48
"2020-07-29T14:20:13.000Z","thermometer","temperature_min","°C",35.84
"2020-07-29T14:25:15.000Z","thermometer","temperature_min","°C",35.64
"2020-07-29T14:30:12.000Z","thermometer","temperature_min","°C",36.46
"2020-07-29T14:35:14.000Z","thermometer","temperature_min","°C",35.57
"2020-07-29T14:40:13.000Z","thermometer","temperature_min","°C",35.49
"2020-07-29T14:45:14.000Z","thermometer","temperature_min","°C",34.87
"2020-07-29T14:50:15.000Z","thermometer","temperature_min","°C",34.82
"2020-07-29T14:55:19.000Z","thermometer","temperature_min","°C",34.88
"2020-07-29T15:00:23.000Z","thermometer","temperature_min","°C",34.63
"2020-07-29T15:00:23.000Z","thermometer","temperature_min","°C",34.63
"2020-07-29T15:05:14.000Z","thermometer","temperature_min","°C",33.96
"2020-07-29T15:10:13.000Z","thermometer","temperature_min","°C",33.83
"2020-07-29T15:10:13.000Z","thermometer","temperature_min","°C",33.83
"2020-07-29T15:15:31.000Z","thermometer","temperature_min","°C",33.62
"2020-07-29T15:20:12.000Z","thermometer","temperature_min","°C",33.89
"2020-07-29T15:25:14.000Z","thermometer","temperature_min","°C",33.81
"2020-07-29T15:30:13.000Z","thermometer","temperature_min","°C",33.66
"2020-07-29T15:35:13.000Z","thermometer","temperature_min","°C",33.4
"2020-07-29T15:40:14.000Z","thermometer","temperature_min","°C",33.4
"2020-07-29T15:45:14.000Z","thermometer","temperature_min","°C",33.42
"2020-07-29T15:50:13.000Z","thermometer","temperature_min","°C",33.17
"2020-07-29T16:00:13.000Z","thermometer","temperature_min","°C",32.58
"2020-07-29T16:05:14.000Z","thermometer","temperature_min","°C",32.48
"2020-07-29T16:10:13.000Z","thermometer","temperature_min","°C",32.57
"2020-07-29T16:10:13.000Z","thermometer","temperature_min","°C",32.57
"2020-07-29T16:15:15.000Z","thermometer","temperature_min","°C",32.48
"2020-07-29T16:20:13.000Z","thermometer","temperature_min","°C",31.83
"2020-07-29T16:25:14.000Z","thermometer","temperature_min","°C",31.91
"2020-07-29T16:30:13.000Z","thermometer","temperature_min","°C",31.74
"2020-07-29T16:35:20.000Z","thermometer","temperature_min","°C",31.64
"2020-07-29T16:40:13.000Z","thermometer","temperature_min","°C",31.5
"2020-07-29T16:45:14.000Z","thermometer","temperature_min","°C",31.51
"2020-07-29T16:50:13.000Z","thermometer","temperature_min","°C",31.28
"2020-07-29T16:55:23.000Z","thermometer","temperature_min","°C",31.04
"2020-07-29T17:00:12.000Z","thermometer","temperature_min","°C",30.93
"2020-07-29T17:05:14.000Z","thermometer","temperature_min","°C",30.63
"2020-07-29T17:10:13.000Z","thermometer","temperature_min","°C",30.44
"2020-07-29T17:15:14.000Z","thermometer","temperature_min","°C",30.16
"2020-07-29T17:20:14.000Z","thermometer","temperature_min","°C",29.9
"2020-07-29T17:25:16.000Z","thermometer","temperature_min","°C",29.74
"2020-07-29T17:30:13.000Z","thermometer","temperature_min","°C",29.49
"2020-07-29T17:35:13.000Z","thermometer","temperature_min","°C",29.18
"2020-07-29T17:40:14.000Z","thermometer","temperature_min","°C",29.03
"2020-07-29T17:45:13.000Z","thermometer","temperature_min","°C",28.74
"2020-07-29T17:50:14.000Z","thermometer","temperature_min","°C",28.45
"2020-07-29T17:55:13.000Z","thermometer","temperature_min","°C",28.06
"2020-07-29T18:00:31.000Z","thermometer","temperature_min","°C",27.83
"2020-07-29T18:05:13.000Z","thermometer","temperature_min","°C",27.6
"2020-07-29T18:10:13.000Z","thermometer","temperature_min","°C",26.99
"2020-07-29T18:15:13.000Z","thermometer","temperature_min","°C",26.6
"2020-07-29T18:20:14.000Z","thermometer","temperature_min","°C",26.26
"2020-07-29T18:25:14.000Z","thermometer","temperature_min","°C",25.69
"2020-07-29T18:30:14.000Z","thermometer","temperature_min","°C",25.5
"2020-07-29T18:35:13.000Z","thermometer","temperature_min","°C",25
"2020-07-29T18:40:14.000Z","thermometer","temperature_min","°C",24.42
"2020-07-29T18:45:14.000Z","thermometer","temperature_min","°C",23.88
"2020-07-29T18:50:13.000Z","thermometer","temperature_min","°C",23.53
"2020-07-29T18:55:31.000Z","thermometer","temperature_min","°C",23.46
"2020-07-29T19:00:12.000Z","thermometer","temperature_min","°C",23.41
"2020-07-29T19:05:13.000Z","thermometer","temperature_min","°C",23.36
"2020-07-29T19:10:14.000Z","thermometer","temperature_min","°C",23.32
"2020-07-29T19:15:14.000Z","thermometer","temperature_min","°C",23.2
"2020-07-29T19:20:13.000Z","thermometer","temperature_min","°C",23.23
"2020-07-29T19:25:14.000Z","thermometer","temperature_min","°C",23.04
"2020-07-29T19:30:13.000Z","thermometer","temperature_min","°C",22.82
"2020-07-29T19:35:14.000Z","thermometer","temperature_min","°C",22.65
"2020-07-29T19:40:13.000Z","thermometer","temperature_min","°C",22.3
"2020-07-29T19:45:14.000Z","thermometer","temperature_min","°C",22.2
"2020-07-29T19:50:13.000Z","thermometer","temperature_min","°C",22.03
"2020-07-29T19:55:20.000Z","thermometer","temperature_min","°C",21.98
"2020-07-29T20:00:14.000Z","thermometer","temperature_min","°C",21.85
"2020-07-29T20:05:13.000Z","thermometer","temperature_min","°C",21.87
"2020-07-29T20:10:15.000Z","thermometer","temperature_min","°C",21.94
"2020-07-29T20:15:12.000Z","thermometer","temperature_min","°C",21.94
"2020-07-29T20:20:15.000Z","thermometer","temperature_min","°C",21.82
"2020-07-29T20:25:13.000Z","thermometer","temperature_min","°C",21.8
"2020-07-29T20:30:13.000Z","thermometer","temperature_min","°C",21.85
"2020-07-29T20:35:13.000Z","thermometer","temperature_min","°C",21.68
"2020-07-29T20:40:14.000Z","thermometer","temperature_min","°C",21.5
"2020-07-29T20:45:14.000Z","thermometer","temperature_min","°C",21.29
"2020-07-29T20:50:13.000Z","thermometer","temperature_min","°C",21.15
"2020-07-29T20:55:14.000Z","thermometer","temperature_min","°C",21.06
"2020-07-29T21:00:13.000Z","thermometer","temperature_min","°C",21.01
"2020-07-29T21:05:14.000Z","thermometer","temperature_min","°C",20.94
"2020-07-29T21:10:13.000Z","thermometer","temperature_min","°C",20.92
"2020-07-29T21:15:21.000Z","thermometer","temperature_min","°C",20.92
"2020-07-29T21:20:17.000Z","thermometer","temperature_min","°C",20.96
"2020-07-29T21:25:14.000Z","thermometer","temperature_min","°C",20.98
"2020-07-29T21:30:13.000Z","thermometer","temperature_min","°C",20.96
"2020-07-29T21:35:13.000Z","thermometer","temperature_min","°C",20.85
"2020-07-29T21:40:14.000Z","thermometer","temperature_min","°C",20.79
"2020-07-29T21:45:13.000Z","thermometer","temperature_min","°C",20.75
"2020-07-29T21:50:15.000Z","thermometer","temperature_min","°C",20.7
"2020-07-29T21:55:13.000Z","thermometer","temperature_min","°C",20.6
"2020-07-29T22:00:13.000Z","thermometer","temperature_min","°C",20.57
"2020-07-29T22:05:14.000Z","thermometer","temperature_min","°C",20.43
"2020-07-29T22:10:13.000Z","thermometer","temperature_min","°C",20.3
"2020-07-29T22:15:31.000Z","thermometer","temperature_min","°C",20.13
"2020-07-29T22:20:12.000Z","thermometer","temperature_min","°C",19.96
"2020-07-29T22:25:14.000Z","thermometer","temperature_min","°C",19.86
"2020-07-29T22:30:13.000Z","thermometer","temperature_min","°C",19.79
"2020-07-29T22:35:31.000Z","thermometer","temperature_min","°C",19.76
"2020-07-29T22:40:13.000Z","thermometer","temperature_min","°C",19.76
"2020-07-29T22:45:15.000Z","thermometer","temperature_min","°C",19.74
"2020-07-29T22:50:14.000Z","thermometer","temperature_min","°C",19.67
"2020-07-29T22:55:13.000Z","thermometer","temperature_min","°C",19.6
"2020-07-29T23:00:14.000Z","thermometer","temperature_min","°C",19.58
"2020-07-29T23:05:13.000Z","thermometer","temperature_min","°C",19.53
"2020-07-29T23:10:14.000Z","thermometer","temperature_min","°C",19.49
"2020-07-29T23:15:14.000Z","thermometer","temperature_min","°C",19.55
"2020-07-29T23:20:13.000Z","thermometer","temperature_min","°C",19.54
"2020-07-29T23:25:14.000Z","thermometer","temperature_min","°C",19.54
"2020-07-29T23:30:13.000Z","thermometer","temperature_min","°C",19.5
"2020-07-29T23:35:13.000Z","thermometer","temperature_min","°C",19.44
"2020-07-29T23:40:14.000Z","thermometer","temperature_min","°C",19.4
"2020-07-29T23:45:14.000Z","thermometer","temperature_min","°C",19.36
"2020-07-29T23:50:13.000Z","thermometer","temperature_min","°C",19.33
"2020-07-29T23:55:14.000Z","thermometer","temperature_min","°C",19.33
"2020-07-30T00:00:13.000Z","thermometer","temperature_min","°C",19.28
"2020-07-30T00:05:14.000Z","thermometer","temperature_min","°C",19.17
"2020-07-30T00:10:14.000Z","thermometer","temperature_min","°C",19.08
"2020-07-30T00:15:13.000Z","thermometer","temperature_min","°C",19.05
"2020-07-30T00:20:31.000Z","thermometer","temperature_min","°C",19
"2020-07-30T00:25:12.000Z","thermometer","temperature_min","°C",18.88
"2020-07-30T00:30:14.000Z","thermometer","temperature_min","°C",18.76
"2020-07-30T00:35:13.000Z","thermometer","temperature_min","°C",18.63
"2020-07-30T00:40:14.000Z","thermometer","temperature_min","°C",18.52
"2020-07-30T00:45:13.000Z","thermometer","temperature_min","°C",18.41
"2020-07-30T00:50:15.000Z","thermometer","temperature_min","°C",18.29
"2020-07-30T00:55:13.000Z","thermometer","temperature_min","°C",18.24
"2020-07-30T01:00:13.000Z","thermometer","temperature_min","°C",18.21
"2020-07-30T01:05:15.000Z","thermometer","temperature_min","°C",18.21
"2020-07-30T01:10:28.000Z","thermometer","temperature_min","°C",18.18
"2020-07-30T01:15:13.000Z","thermometer","temperature_min","°C",18.18
"2020-07-30T01:20:13.000Z","thermometer","temperature_min","°C",18.1
"2020-07-30T01:25:14.000Z","thermometer","temperature_min","°C",18.04
"2020-07-30T01:30:13.000Z","thermometer","temperature_min","°C",18.01
"2020-07-30T01:35:14.000Z","thermometer","temperature_min","°C",18.04
"2020-07-30T01:40:14.000Z","thermometer","temperature_min","°C",18.07
"2020-07-30T01:45:13.000Z","thermometer","temperature_min","°C",17.96
"2020-07-30T01:50:15.000Z","thermometer","temperature_min","°C",17.87
"2020-07-30T01:55:12.000Z","thermometer","temperature_min","°C",17.83
"2020-07-30T02:00:14.000Z","thermometer","temperature_min","°C",17.79
"2020-07-30T02:05:13.000Z","thermometer","temperature_min","°C",17.72
"2020-07-30T02:10:15.000Z","thermometer","temperature_min","°C",17.67
"2020-07-30T02:15:13.000Z","thermometer","temperature_min","°C",17.6
"2020-07-30T02:20:13.000Z","thermometer","temperature_min","°C",17.54
"2020-07-30T02:25:14.000Z","thermometer","temperature_min","°C",17.56
"2020-07-30T02:30:13.000Z","thermometer","temperature_min","°C",17.57
"2020-07-30T02:35:14.000Z","thermometer","temperature_min","°C",17.66
"2020-07-30T02:40:13.000Z","thermometer","temperature_min","°C",17.67
"2020-07-30T02:45:15.000Z","thermometer","temperature_min","°C",17.69
"2020-07-30T02:50:12.000Z","thermometer","temperature_min","°C",17.75
"2020-07-30T02:55:14.000Z","thermometer","temperature_min","°C",17.74
"2020-07-30T03:00:13.000Z","thermometer","temperature_min","°C",17.64
"2020-07-30T03:05:15.000Z","thermometer","temperature_min","°C",17.64
"2020-07-30T03:10:13.000Z","thermometer","temperature_min","°C",17.65
"2020-07-30T03:15:13.000Z","thermometer","temperature_min","°C",17.61
"2020-07-30T03:20:15.000Z","thermometer","temperature_min","°C",17.49
"2020-07-30T03:25:20.000Z","thermometer","temperature_min","°C",17.4
"2020-07-30T03:30:12.000Z","thermometer","temperature_min","°C",17.3
"2020-07-30T03:35:31.000Z","thermometer","temperature_min","°C",17.36
"2020-07-30T03:40:12.000Z","thermometer","temperature_min","°C",17.39
"2020-07-30T03:45:14.000Z","thermometer","temperature_min","°C",17.38
"2020-07-30T03:50:13.000Z","thermometer","temperature_min","°C",17.34
"2020-07-30T03:55:14.000Z","thermometer","temperature_min","°C",17.33
"2020-07-30T04:00:13.000Z","thermometer","temperature_min","°C",17.36
"2020-07-30T04:05:14.000Z","thermometer","temperature_min","°C",17.5
"2020-07-30T04:10:14.000Z","thermometer","temperature_min","°C",17.61
"2020-07-30T04:15:13.000Z","thermometer","temperature_min","°C",17.59
"2020-07-30T04:20:13.000Z","thermometer","temperature_min","°C",17.56
"2020-07-30T04:25:15.000Z","thermometer","temperature_min","°C",17.64
"2020-07-30T04:30:13.000Z","thermometer","temperature_min","°C",17.77
"2020-07-30T04:35:14.000Z","thermometer","temperature_min","°C",17.87
"2020-07-30T04:40:13.000Z","thermometer","temperature_min","°C",18.07
"2020-07-30T04:45:13.000Z","thermometer","temperature_min","°C",18.22
"2020-07-30T04:50:14.000Z","thermometer","temperature_min","°C",18.48
"2020-07-30T04:55:14.000Z","thermometer","temperature_min","°C",18.62
"2020-07-30T05:00:14.000Z","thermometer","temperature_min","°C",18.72
"2020-07-30T05:05:13.000Z","thermometer","temperature_min","°C",18.82
"2020-07-30T05:10:13.000Z","thermometer","temperature_min","°C",19.36
"2020-07-30T05:15:14.000Z","thermometer","temperature_min","°C",19.7
"2020-07-30T05:20:19.000Z","thermometer","temperature_min","°C",20.14
"2020-07-30T05:25:12.000Z","thermometer","temperature_min","°C",20.62
"2020-07-30T05:30:14.000Z","thermometer","temperature_min","°C",21.22
"2020-07-30T05:35:13.000Z","thermometer","temperature_min","°C",21.56
"2020-07-30T05:40:14.000Z","thermometer","temperature_min","°C",22.38
"2020-07-30T05:45:14.000Z","thermometer","temperature_min","°C",22.69
"2020-07-30T05:50:13.000Z","thermometer","temperature_min","°C",23.44
"2020-07-30T05:55:14.000Z","thermometer","temperature_min","°C",24.51
"2020-07-30T06:00:13.000Z","thermometer","temperature_min","°C",25.26
"2020-07-30T06:05:14.000Z","thermometer","temperature_min","°C",26.17
"2020-07-30T06:10:13.000Z","thermometer","temperature_min","°C",26.51
"2020-07-30T06:15:31.000Z","thermometer","temperature_min","°C",27.04
"2020-07-30T06:20:12.000Z","thermometer","temperature_min","°C",27.37
"2020-07-30T06:25:14.000Z","thermometer","temperature_min","°C",27.4
"2020-07-30T06:30:13.000Z","thermometer","temperature_min","°C",27.27
"2020-07-30T06:35:15.000Z","thermometer","temperature_min","°C",27.42
"2020-07-30T06:40:13.000Z","thermometer","temperature_min","°C",27.74
"2020-07-30T06:45:13.000Z","thermometer","temperature_min","°C",28
"2020-07-30T06:50:15.000Z","thermometer","temperature_min","°C",28.59
"2020-07-30T06:55:12.000Z","thermometer","temperature_min","°C",28.63
"2020-07-30T07:00:14.000Z","thermometer","temperature_min","°C",29.03
"2020-07-30T07:05:13.000Z","thermometer","temperature_min","°C",29.12
"2020-07-30T07:10:14.000Z","thermometer","temperature_min","°C",29.37
"2020-07-30T07:15:13.000Z","thermometer","temperature_min","°C",29.6
"2020-07-30T07:20:14.000Z","thermometer","temperature_min","°C",29.98
"2020-07-30T07:25:31.000Z","thermometer","temperature_min","°C",30.76
"2020-07-30T07:30:12.000Z","thermometer","temperature_min","°C",30.53
"2020-07-30T07:35:13.000Z","thermometer","temperature_min","°C",30.67
"2020-07-30T07:40:14.000Z","thermometer","temperature_min","°C",30.56
"2020-07-30T07:45:15.000Z","thermometer","temperature_min","°C",30.72
"2020-07-30T07:50:13.000Z","thermometer","temperature_min","°C",31.4
"2020-07-30T07:55:13.000Z","thermometer","temperature_min","°C",31.34
"2020-07-30T08:00:13.000Z","thermometer","temperature_min","°C",31.35
"2020-07-30T08:05:15.000Z","thermometer","temperature_min","°C",31.84
"2020-07-30T08:10:13.000Z","thermometer","temperature_min","°C",31.98
"2020-07-30T08:15:13.000Z","thermometer","temperature_min","°C",32.37
"2020-07-30T08:20:15.000Z","thermometer","temperature_min","°C",32.57
"2020-07-30T08:30:15.000Z","thermometer","temperature_min","°C",33.16
"2020-07-30T08:35:12.000Z","thermometer","temperature_min","°C",33.5
"2020-07-30T08:40:14.000Z","thermometer","temperature_min","°C",33.77
"2020-07-30T08:45:13.000Z","thermometer","temperature_min","°C",34.46
"2020-07-30T08:50:14.000Z","thermometer","temperature_min","°C",34.07
"2020-07-30T08:55:14.000Z","thermometer","temperature_min","°C",34.01
"2020-07-30T09:00:13.000Z","thermometer","temperature_min","°C",34.16
"2020-07-30T09:05:14.000Z","thermometer","temperature_min","°C",34.34
"2020-07-30T09:10:13.000Z","thermometer","temperature_min","°C",34.9
"2020-07-30T09:15:14.000Z","thermometer","temperature_min","°C",35.14
"2020-07-30T09:20:13.000Z","thermometer","temperature_min","°C",35.14
"2020-07-30T09:25:13.000Z","thermometer","temperature_min","°C",36
"2020-07-30T09:30:15.000Z","thermometer","temperature_min","°C",35.91
"2020-07-30T09:35:13.000Z","thermometer","temperature_min","°C",36.21
"2020-07-30T09:40:14.000Z","thermometer","temperature_min","°C",34.93
"2020-07-30T09:45:13.000Z","thermometer","temperature_min","°C",34.45
"2020-07-30T09:50:14.000Z","thermometer","temperature_min","°C",35.06
"2020-07-30T09:55:13.000Z","thermometer","temperature_min","°C",35.36
"2020-07-30T10:00:14.000Z","thermometer","temperature_min","°C",35.66
"2020-07-30T10:05:13.000Z","thermometer","temperature_min","°C",36.26
"2020-07-30T10:15:14.000Z","thermometer","temperature_min","°C",36.23
"2020-07-30T10:20:13.000Z","thermometer","temperature_min","°C",36.45
"2020-07-30T10:25:14.000Z","thermometer","temperature_min","°C",36.15
"2020-07-30T10:30:13.000Z","thermometer","temperature_min","°C",36.21
"2020-07-30T10:35:14.000Z","thermometer","temperature_min","°C",35.98
"2020-07-30T10:40:13.000Z","thermometer","temperature_min","°C",35.94
"2020-07-30T10:45:14.000Z","thermometer","temperature_min","°C",36.11
"2020-07-30T10:50:13.000Z","thermometer","temperature_min","°C",36.34
"2020-07-30T10:55:14.000Z","thermometer","temperature_min","°C",36.62
"2020-07-30T11:00:14.000Z","thermometer","temperature_min","°C",36.82
"2020-07-30T11:05:13.000Z","thermometer","temperature_min","°C",36.55
"2020-07-30T11:10:31.000Z","thermometer","temperature_min","°C",36.66
"2020-07-30T11:15:12.000Z","thermometer","temperature_min","°C",36.55
"2020-07-30T11:20:14.000Z","thermometer","temperature_min","°C",36.72
"2020-07-30T11:25:13.000Z","thermometer","temperature_min","°C",36.75
"2020-07-30T11:30:13.000Z","thermometer","temperature_min","°C",36.54
"2020-07-30T11:35:15.000Z","thermometer","temperature_min","°C",36.76
"2020-07-30T11:40:13.000Z","thermometer","temperature_min","°C",36.99
"2020-07-30T11:45:14.000Z","thermometer","temperature_min","°C",36.95
"2020-07-30T11:45:14.000Z","thermometer","temperature_min","°C",36.95
"2020-07-30T11:50:13.000Z","thermometer","temperature_min","°C",36.86
"2020-07-30T11:55:14.000Z","thermometer","temperature_min","°C",37.04
"2020-07-30T12:00:19.000Z","thermometer","temperature_min","°C",36.37
"2020-07-30T12:05:14.000Z","thermometer","temperature_min","°C",36.92
"2020-07-30T12:10:13.000Z","thermometer","temperature_min","°C",37.2
"2020-07-30T12:15:14.000Z","thermometer","temperature_min","°C",37.14
"2020-07-30T12:20:13.000Z","thermometer","temperature_min","°C",37.09
"2020-07-30T12:25:14.000Z","thermometer","temperature_min","°C",37.1
"2020-07-30T12:25:14.000Z","thermometer","temperature_min","°C",37.1
"2020-07-30T12:30:13.000Z","thermometer","temperature_min","°C",37.61
"2020-07-30T12:35:14.000Z","thermometer","temperature_min","°C",37.94
"2020-07-30T12:40:14.000Z","thermometer","temperature_min","°C",37.27
"2020-07-30T12:50:31.000Z","thermometer","temperature_min","°C",37.37
"2020-07-30T12:55:12.000Z","thermometer","temperature_min","°C",37.01
"2020-07-30T13:00:14.000Z","thermometer","temperature_min","°C",36.96
"2020-07-30T13:05:13.000Z","thermometer","temperature_min","°C",37.49
"2020-07-30T13:10:14.000Z","thermometer","temperature_min","°C",37.49
"2020-07-30T13:15:13.000Z","thermometer","temperature_min","°C",37.1
"2020-07-30T13:20:14.000Z","thermometer","temperature_min","°C",37.54
"2020-07-30T13:25:14.000Z","thermometer","temperature_min","°C",36.96
"2020-07-30T13:30:13.000Z","thermometer","temperature_min","°C",36.82
"2020-07-30T13:35:14.000Z","thermometer","temperature_min","°C",37.22
"2020-07-30T13:40:14.000Z","thermometer","temperature_min","°C",37.02
"2020-07-30T13:45:13.000Z","thermometer","temperature_min","°C",36.54
"2020-07-30T13:50:14.000Z","thermometer","temperature_min","°C",37
"2020-07-30T13:55:13.000Z","thermometer","temperature_min","°C",37.25
"2020-07-30T13:55:13.000Z","thermometer","temperature_min","°C",37.25
"2020-07-30T14:00:15.000Z","thermometer","temperature_min","°C",36.89
"2020-07-30T14:05:13.000Z","thermometer","temperature_min","°C",36.84
"2020-07-30T14:10:13.000Z","thermometer","temperature_min","°C",37.02
"2020-07-30T14:15:14.000Z","thermometer","temperature_min","°C",36.85
"2020-07-30T14:20:13.000Z","thermometer","temperature_min","°C",36.63
"2020-07-30T14:25:14.000Z","thermometer","temperature_min","°C",36.38
"2020-07-30T14:30:13.000Z","thermometer","temperature_min","°C",37.06
"2020-07-30T14:35:14.000Z","thermometer","temperature_min","°C",36.65
"2020-07-30T14:40:13.000Z","thermometer","temperature_min","°C",36.71
"2020-07-30T14:40:13.000Z","thermometer","temperature_min","°C",36.71
"2020-07-30T14:45:15.000Z","thermometer","temperature_min","°C",36.79
"2020-07-30T14:50:13.000Z","thermometer","temperature_min","°C",36.47
"2020-07-30T14:55:13.000Z","thermometer","temperature_min","°C",36.21
"2020-07-30T15:00:13.000Z","thermometer","temperature_min","°C",36.8
"2020-07-30T15:05:14.000Z","thermometer","temperature_min","°C",36.32
"2020-07-30T15:10:14.000Z","thermometer","temperature_min","°C",36.37
"2020-07-30T15:15:13.000Z","thermometer","temperature_min","°C",36.43
"2020-07-30T15:20:13.000Z","thermometer","temperature_min","°C",36.35
"2020-07-30T15:25:15.000Z","thermometer","temperature_min","°C",36.2
"2020-07-30T15:30:16.000Z","thermometer","temperature_min","°C",35.79
"2020-07-30T15:35:15.000Z","thermometer","temperature_min","°C",35.44
"2020-07-30T15:40:13.000Z","thermometer","temperature_min","°C",35.35
"2020-07-30T15:45:14.000Z","thermometer","temperature_min","°C",35.14
"2020-07-30T15:50:16.000Z","thermometer","temperature_min","°C",35.1
"2020-07-30T15:55:14.000Z","thermometer","temperature_min","°C",35.24
"2020-07-30T16:00:14.000Z","thermometer","temperature_min","°C",35.13
"2020-07-30T16:05:31.000Z","thermometer","temperature_min","°C",34.77
"2020-07-30T16:10:12.000Z","thermometer","temperature_min","°C",34.34
"2020-07-30T16:15:15.000Z","thermometer","temperature_min","°C",34.36
"2020-07-30T16:20:13.000Z","thermometer","temperature_min","°C",34.28
"2020-07-30T16:25:13.000Z","thermometer","temperature_min","°C",33.92
"2020-07-30T16:30:14.000Z","thermometer","temperature_min","°C",33.61
"2020-07-30T16:35:13.000Z","thermometer","temperature_min","°C",33.6
"2020-07-30T16:40:14.000Z","thermometer","temperature_min","°C",33.58
"2020-07-30T16:45:13.000Z","thermometer","temperature_min","°C",33.38
"2020-07-30T16:50:15.000Z","thermometer","temperature_min","°C",32.98
"2020-07-30T16:55:13.000Z","thermometer","temperature_min","°C",32.85
"2020-07-30T17:00:13.000Z","thermometer","temperature_min","°C",32.49
"2020-07-30T17:05:14.000Z","thermometer","temperature_min","°C",32.14
"2020-07-30T17:10:13.000Z","thermometer","temperature_min","°C",32.04
"2020-07-30T17:15:14.000Z","thermometer","temperature_min","°C",31.85
"2020-07-30T17:20:13.000Z","thermometer","temperature_min","°C",31.7
"2020-07-30T17:25:14.000Z","thermometer","temperature_min","°C",31.39
"2020-07-30T17:30:13.000Z","thermometer","temperature_min","°C",31.08
"2020-07-30T17:35:15.000Z","thermometer","temperature_min","°C",30.87
"2020-07-30T17:40:13.000Z","thermometer","temperature_min","°C",30.61
"2020-07-30T17:45:13.000Z","thermometer","temperature_min","°C",30.27
"2020-07-30T17:50:19.000Z","thermometer","temperature_min","°C",30.15
"2020-07-30T17:55:12.000Z","thermometer","temperature_min","°C",29.81
"2020-07-30T18:00:14.000Z","thermometer","temperature_min","°C",29.37
"2020-07-30T18:05:31.000Z","thermometer","temperature_min","°C",28.8
"2020-07-30T18:10:11.000Z","thermometer","temperature_min","°C",28.3
"2020-07-30T18:15:14.000Z","thermometer","temperature_min","°C",28.02
"2020-07-30T18:20:14.000Z","thermometer","temperature_min","°C",27.62
"2020-07-30T18:25:14.000Z","thermometer","temperature_min","°C",27.36
"2020-07-30T18:30:13.000Z","thermometer","temperature_min","°C",27
"2020-07-30T18:35:14.000Z","thermometer","temperature_min","°C",26.34
"2020-07-30T18:40:13.000Z","thermometer","temperature_min","°C",25.63
"2020-07-30T18:45:13.000Z","thermometer","temperature_min","°C",25.36
"2020-07-30T18:50:15.000Z","thermometer","temperature_min","°C",24.85
"2020-07-30T18:55:13.000Z","thermometer","temperature_min","°C",24.29
"2020-07-30T19:00:13.000Z","thermometer","temperature_min","°C",23.98
"2020-07-30T19:05:20.000Z","thermometer","temperature_min","°C",23.8
"2020-07-30T19:10:14.000Z","thermometer","temperature_min","°C",23.63
"2020-07-30T19:15:13.000Z","thermometer","temperature_min","°C",23.34
"2020-07-30T19:20:15.000Z","thermometer","temperature_min","°C",23.14
"2020-07-30T19:25:12.000Z","thermometer","temperature_min","°C",22.76
"2020-07-30T19:30:13.000Z","thermometer","temperature_min","°C",22.66
"2020-07-30T19:35:15.000Z","thermometer","temperature_min","°C",22.41
"2020-07-30T19:40:13.000Z","thermometer","temperature_min","°C",22.03
"2020-07-30T19:45:14.000Z","thermometer","temperature_min","°C",21.82
"2020-07-30T19:50:13.000Z","thermometer","temperature_min","°C",21.63
"2020-07-30T19:55:14.000Z","thermometer","temperature_min","°C",21.42
"2020-07-30T20:00:14.000Z","thermometer","temperature_min","°C",21.34
"2020-07-30T20:05:13.000Z","thermometer","temperature_min","°C",21.24
"2020-07-30T20:10:13.000Z","thermometer","temperature_min","°C",21.02
"2020-07-30T20:15:14.000Z","thermometer","temperature_min","°C",21
"2020-07-30T20:20:14.000Z","thermometer","temperature_min","°C",21.33
"2020-07-30T20:25:13.000Z","thermometer","temperature_min","°C",21.64
"2020-07-30T20:30:13.000Z","thermometer","temperature_min","°C",21.62
"2020-07-30T20:35:14.000Z","thermometer","temperature_min","°C",21.43
"2020-07-30T20:40:14.000Z","thermometer","temperature_min","°C",21.16
"2020-07-30T20:45:13.000Z","thermometer","temperature_min","°C",21.16
"2020-07-30T20:50:14.000Z","thermometer","temperature_min","°C",21.28
"2020-07-30T20:55:14.000Z","thermometer","temperature_min","°C",21.38
"2020-07-30T21:00:13.000Z","thermometer","temperature_min","°C",21.2
"2020-07-30T21:05:13.000Z","thermometer","temperature_min","°C",20.93
"2020-07-30T21:10:14.000Z","thermometer","temperature_min","°C",20.92
"2020-07-30T21:15:14.000Z","thermometer","temperature_min","°C",21.03
"2020-07-30T21:20:13.000Z","thermometer","temperature_min","°C",21.11
"2020-07-30T21:25:14.000Z","thermometer","temperature_min","°C",20.97
"2020-07-30T21:30:14.000Z","thermometer","temperature_min","°C",21.08
"2020-07-30T21:35:13.000Z","thermometer","temperature_min","°C",21.2
"2020-07-30T21:40:13.000Z","thermometer","temperature_min","°C",21.22
"2020-07-30T21:45:31.000Z","thermometer","temperature_min","°C",21.24
"2020-07-30T21:50:12.000Z","thermometer","temperature_min","°C",20.84
"2020-07-30T21:55:14.000Z","thermometer","temperature_min","°C",20.58
"2020-07-30T22:00:14.000Z","thermometer","temperature_min","°C",20.39
"2020-07-30T22:05:13.000Z","thermometer","temperature_min","°C",20.41
"2020-07-30T22:15:13.000Z","thermometer","temperature_min","°C",20.77
"2020-07-30T22:20:14.000Z","thermometer","temperature_min","°C",20.86
"2020-07-30T22:25:13.000Z","thermometer","temperature_min","°C",20.61
"2020-07-30T22:30:14.000Z","thermometer","temperature_min","°C",20.41
"2020-07-30T22:35:14.000Z","thermometer","temperature_min","°C",20.26
"2020-07-30T22:40:13.000Z","thermometer","temperature_min","°C",19.97
"2020-07-30T22:45:14.000Z","thermometer","temperature_min","°C",19.85
"2020-07-30T22:50:14.000Z","thermometer","temperature_min","°C",19.58
"2020-07-30T22:55:13.000Z","thermometer","temperature_min","°C",19.28
"2020-07-30T23:00:14.000Z","thermometer","temperature_min","°C",19.07
"2020-07-30T23:05:13.000Z","thermometer","temperature_min","°C",18.97
"2020-07-30T23:10:13.000Z","thermometer","temperature_min","°C",18.84
"2020-07-30T23:15:14.000Z","thermometer","temperature_min","°C",18.76
"2020-07-30T23:20:14.000Z","thermometer","temperature_min","°C",18.76
"2020-07-30T23:25:13.000Z","thermometer","temperature_min","°C",18.7
"2020-07-30T23:30:15.000Z","thermometer","temperature_min","°C",18.62
"2020-07-30T23:35:12.000Z","thermometer","temperature_min","°C",18.58
"2020-07-30T23:40:14.000Z","thermometer","temperature_min","°C",18.53
"2020-07-30T23:45:13.000Z","thermometer","temperature_min","°C",18.5
"2020-07-30T23:50:15.000Z","thermometer","temperature_min","°C",18.37
"2020-07-30T23:55:12.000Z","thermometer","temperature_min","°C",18.25
"2020-07-31T00:00:14.000Z","thermometer","temperature_min","°C",18.1
"2020-07-31T00:05:14.000Z","thermometer","temperature_min","°C",17.96
"2020-07-31T00:10:13.000Z","thermometer","temperature_min","°C",17.96
"2020-07-31T00:15:15.000Z","thermometer","temperature_min","°C",18.12
"2020-07-31T00:20:13.000Z","thermometer","temperature_min","°C",18.33
"2020-07-31T00:25:28.000Z","thermometer","temperature_min","°C",18.4
"2020-07-31T00:30:14.000Z","thermometer","temperature_min","°C",18.38
"2020-07-31T00:35:13.000Z","thermometer","temperature_min","°C",18.5
"2020-07-31T00:40:13.000Z","thermometer","temperature_min","°C",18.63
"2020-07-31T00:45:15.000Z","thermometer","temperature_min","°C",18.68
"2020-07-31T00:50:13.000Z","thermometer","temperature_min","°C",18.6
"2020-07-31T00:55:13.000Z","thermometer","temperature_min","°C",18.44
"2020-07-31T01:00:14.000Z","thermometer","temperature_min","°C",18.27
"2020-07-31T01:05:13.000Z","thermometer","temperature_min","°C",18.1
"2020-07-31T01:10:14.000Z","thermometer","temperature_min","°C",18.07
"2020-07-31T01:15:13.000Z","thermometer","temperature_min","°C",18.08
"2020-07-31T01:20:15.000Z","thermometer","temperature_min","°C",18
"2020-07-31T01:25:12.000Z","thermometer","temperature_min","°C",17.93
"2020-07-31T01:30:15.000Z","thermometer","temperature_min","°C",17.94
"2020-07-31T01:35:13.000Z","thermometer","temperature_min","°C",17.98
"2020-07-31T01:40:13.000Z","thermometer","temperature_min","°C",17.9
"2020-07-31T01:45:15.000Z","thermometer","temperature_min","°C",17.77
"2020-07-31T01:50:12.000Z","thermometer","temperature_min","°C",17.75
"2020-07-31T01:55:14.000Z","thermometer","temperature_min","°C",17.77
"2020-07-31T02:00:13.000Z","thermometer","temperature_min","°C",17.82
"2020-07-31T02:05:15.000Z","thermometer","temperature_min","°C",17.86
"2020-07-31T02:10:13.000Z","thermometer","temperature_min","°C",17.86
"2020-07-31T02:15:13.000Z","thermometer","temperature_min","°C",17.9
"2020-07-31T02:20:14.000Z","thermometer","temperature_min","°C",17.86
"2020-07-31T02:25:13.000Z","thermometer","temperature_min","°C",17.77
"2020-07-31T02:30:15.000Z","thermometer","temperature_min","°C",17.74
"2020-07-31T02:35:12.000Z","thermometer","temperature_min","°C",17.76
"2020-07-31T02:40:14.000Z","thermometer","temperature_min","°C",17.82
"2020-07-31T02:45:13.000Z","thermometer","temperature_min","°C",17.93
"2020-07-31T02:50:14.000Z","thermometer","temperature_min","°C",18.07
"2020-07-31T02:55:13.000Z","thermometer","temperature_min","°C",17.9
"2020-07-31T03:00:31.000Z","thermometer","temperature_min","°C",17.66
"2020-07-31T03:05:13.000Z","thermometer","temperature_min","°C",17.56
"2020-07-31T03:10:13.000Z","thermometer","temperature_min","°C",17.62
"2020-07-31T03:15:14.000Z","thermometer","temperature_min","°C",17.91
"2020-07-31T03:20:13.000Z","thermometer","temperature_min","°C",17.96
"2020-07-31T03:25:15.000Z","thermometer","temperature_min","°C",17.74
"2020-07-31T03:30:12.000Z","thermometer","temperature_min","°C",17.58
"2020-07-31T03:35:15.000Z","thermometer","temperature_min","°C",17.42
"2020-07-31T03:40:13.000Z","thermometer","temperature_min","°C",17.35
"2020-07-31T03:45:13.000Z","thermometer","temperature_min","°C",17.17
"2020-07-31T03:50:14.000Z","thermometer","temperature_min","°C",17.11
"2020-07-31T03:55:13.000Z","thermometer","temperature_min","°C",17.06
"2020-07-31T04:00:28.000Z","thermometer","temperature_min","°C",16.98
"2020-07-31T04:05:15.000Z","thermometer","temperature_min","°C",16.96
"2020-07-31T04:10:13.000Z","thermometer","temperature_min","°C",16.92
"2020-07-31T04:15:13.000Z","thermometer","temperature_min","°C",16.92
"2020-07-31T04:20:15.000Z","thermometer","temperature_min","°C",16.93
"2020-07-31T04:25:13.000Z","thermometer","temperature_min","°C",17.04
"2020-07-31T04:30:14.000Z","thermometer","temperature_min","°C",17.21
"2020-07-31T04:35:14.000Z","thermometer","temperature_min","°C",17.44
"2020-07-31T04:40:13.000Z","thermometer","temperature_min","°C",17.81
"2020-07-31T04:45:13.000Z","thermometer","temperature_min","°C",18.19
"2020-07-31T04:50:15.000Z","thermometer","temperature_min","°C",18.52
"2020-07-31T04:55:12.000Z","thermometer","temperature_min","°C",18.82
"2020-07-31T04:55:12.000Z","thermometer","temperature_min","°C",18.82
"2020-07-31T05:00:14.000Z","thermometer","temperature_min","°C",19.09
"2020-07-31T05:05:13.000Z","thermometer","temperature_min","°C",19.54
"2020-07-31T05:10:15.000Z","thermometer","temperature_min","°C",19.65
"2020-07-31T05:15:13.000Z","thermometer","temperature_min","°C",20.01
"2020-07-31T05:20:13.000Z","thermometer","temperature_min","°C",20.47
"2020-07-31T05:25:14.000Z","thermometer","temperature_min","°C",20.79
"2020-07-31T05:30:14.000Z","thermometer","temperature_min","°C",21.26
"2020-07-31T05:35:13.000Z","thermometer","temperature_min","°C",21.96
"2020-07-31T05:40:13.000Z","thermometer","temperature_min","°C",22.21
"2020-07-31T05:45:14.000Z","thermometer","temperature_min","°C",22.84
"2020-07-31T05:50:13.000Z","thermometer","temperature_min","°C",23.2
"2020-07-31T05:55:14.000Z","thermometer","temperature_min","°C",23.71
"2020-07-31T06:00:14.000Z","thermometer","temperature_min","°C",24.06
"2020-07-31T06:05:13.000Z","thermometer","temperature_min","°C",24.39
"2020-07-31T06:10:14.000Z","thermometer","temperature_min","°C",24.49
"2020-07-31T06:15:13.000Z","thermometer","temperature_min","°C",25.23
"2020-07-31T06:20:15.000Z","thermometer","temperature_min","°C",25.72
"2020-07-31T06:25:13.000Z","thermometer","temperature_min","°C",26.15
"2020-07-31T06:30:13.000Z","thermometer","temperature_min","°C",26.32
"2020-07-31T06:35:13.000Z","thermometer","temperature_min","°C",26.56
"2020-07-31T06:40:19.000Z","thermometer","temperature_min","°C",26.66
"2020-07-31T06:45:12.000Z","thermometer","temperature_min","°C",27.08
"2020-07-31T06:50:14.000Z","thermometer","temperature_min","°C",27.49
"2020-07-31T07:00:13.000Z","thermometer","temperature_min","°C",29.04
"2020-07-31T07:05:15.000Z","thermometer","temperature_min","°C",29.7
"2020-07-31T07:10:13.000Z","thermometer","temperature_min","°C",30.07
"2020-07-31T07:15:28.000Z","thermometer","temperature_min","°C",29.78
"2020-07-31T07:20:14.000Z","thermometer","temperature_min","°C",30.16
"2020-07-31T07:25:13.000Z","thermometer","temperature_min","°C",30.37
"2020-07-31T07:30:15.000Z","thermometer","temperature_min","°C",30.6
"2020-07-31T07:35:12.000Z","thermometer","temperature_min","°C",30.97
"2020-07-31T07:40:14.000Z","thermometer","temperature_min","°C",31.06
"2020-07-31T07:45:13.000Z","thermometer","temperature_min","°C",31.15
"2020-07-31T07:50:14.000Z","thermometer","temperature_min","°C",32.02
"2020-07-31T07:55:13.000Z","thermometer","temperature_min","°C",32.32
"2020-07-31T08:00:15.000Z","thermometer","temperature_min","°C",31.95
"2020-07-31T08:05:13.000Z","thermometer","temperature_min","°C",32.16
"2020-07-31T08:10:14.000Z","thermometer","temperature_min","°C",31.88
"2020-07-31T08:15:13.000Z","thermometer","temperature_min","°C",32.34
"2020-07-31T08:20:13.000Z","thermometer","temperature_min","°C",32.26
"2020-07-31T08:25:13.000Z","thermometer","temperature_min","°C",32.37
"2020-07-31T08:30:14.000Z","thermometer","temperature_min","°C",32.17
"2020-07-31T08:35:14.000Z","thermometer","temperature_min","°C",33.21
"2020-07-31T08:40:13.000Z","thermometer","temperature_min","°C",33.66
"2020-07-31T08:45:14.000Z","thermometer","temperature_min","°C",33.99
"2020-07-31T08:50:14.000Z","thermometer","temperature_min","°C",34.06
"2020-07-31T08:55:13.000Z","thermometer","temperature_min","°C",33.98
"2020-07-31T09:00:14.000Z","thermometer","temperature_min","°C",34.23
"2020-07-31T09:05:13.000Z","thermometer","temperature_min","°C",34.21
"2020-07-31T09:10:14.000Z","thermometer","temperature_min","°C",35.2
"2020-07-31T09:15:13.000Z","thermometer","temperature_min","°C",34.82
"2020-07-31T09:20:14.000Z","thermometer","temperature_min","°C",34.95
"2020-07-31T09:25:14.000Z","thermometer","temperature_min","°C",35.51
"2020-07-31T09:30:13.000Z","thermometer","temperature_min","°C",35.77
"2020-07-31T09:35:14.000Z","thermometer","temperature_min","°C",35.39
"2020-07-31T09:40:13.000Z","thermometer","temperature_min","°C",35.56
"2020-07-31T09:45:14.000Z","thermometer","temperature_min","°C",35.94
"2020-07-31T09:50:31.000Z","thermometer","temperature_min","°C",34.8
"2020-07-31T09:55:12.000Z","thermometer","temperature_min","°C",34.61
"2020-07-31T09:55:12.000Z","thermometer","temperature_min","°C",34.61
"2020-07-31T10:00:13.000Z","thermometer","temperature_min","°C",34.21
"2020-07-31T10:00:13.000Z","thermometer","temperature_min","°C",34.21
"2020-07-31T10:05:14.000Z","thermometer","temperature_min","°C",35.68
"2020-07-31T10:15:13.000Z","thermometer","temperature_min","°C",35.96
"2020-07-31T10:20:14.000Z","thermometer","temperature_min","°C",36.05
"2020-07-31T10:25:13.000Z","thermometer","temperature_min","°C",36.67
"2020-07-31T10:30:15.000Z","thermometer","temperature_min","°C",36.88
"2020-07-31T10:35:14.000Z","thermometer","temperature_min","°C",36.74
"2020-07-31T10:40:14.000Z","thermometer","temperature_min","°C",36.66
"2020-07-31T10:45:13.000Z","thermometer","temperature_min","°C",37
"2020-07-31T10:45:13.000Z","thermometer","temperature_min","°C",37
"2020-07-31T10:50:14.000Z","thermometer","temperature_min","°C",37
"2020-07-31T10:55:13.000Z","thermometer","temperature_min","°C",37.07
"2020-07-31T11:05:14.000Z","thermometer","temperature_min","°C",37.29
"2020-07-31T11:10:13.000Z","thermometer","temperature_min","°C",37.07
"2020-07-31T11:15:15.000Z","thermometer","temperature_min","°C",37.68
"2020-07-31T11:20:13.000Z","thermometer","temperature_min","°C",36.75
"2020-07-31T11:25:13.000Z","thermometer","temperature_min","°C",37.06
"2020-07-31T11:30:13.000Z","thermometer","temperature_min","°C",37.26
"2020-07-31T11:35:21.000Z","thermometer","temperature_min","°C",38.03
"2020-07-31T11:40:13.000Z","thermometer","temperature_min","°C",37.7
"2020-07-31T11:45:13.000Z","thermometer","temperature_min","°C",37.14
"2020-07-31T11:50:15.000Z","thermometer","temperature_min","°C",37.23
"2020-07-31T11:55:12.000Z","thermometer","temperature_min","°C",37.3
"2020-07-31T12:00:16.000Z","thermometer","temperature_min","°C",38.45
"2020-07-31T12:05:13.000Z","thermometer","temperature_min","°C",38.3
"2020-07-31T12:10:16.000Z","thermometer","temperature_min","°C",38.37
"2020-07-31T12:15:14.000Z","thermometer","temperature_min","°C",38.63
"2020-07-31T12:20:16.000Z","thermometer","temperature_min","°C",38.2
"2020-07-31T12:25:14.000Z","thermometer","temperature_min","°C",38.15
"2020-07-31T12:30:14.000Z","thermometer","temperature_min","°C",38.97
"2020-07-31T12:35:14.000Z","thermometer","temperature_min","°C",38.2
"2020-07-31T12:40:31.000Z","thermometer","temperature_min","°C",38.49
"2020-07-31T12:45:11.000Z","thermometer","temperature_min","°C",38.29
"2020-07-31T12:50:19.000Z","thermometer","temperature_min","°C",38.36
"2020-07-31T12:55:21.000Z","thermometer","temperature_min","°C",38.32
"2020-07-31T13:00:14.000Z","thermometer","temperature_min","°C",38.19
"2020-07-31T13:05:13.000Z","thermometer","temperature_min","°C",38.1
"2020-07-31T13:10:13.000Z","thermometer","temperature_min","°C",38.22
"2020-07-31T13:15:14.000Z","thermometer","temperature_min","°C",38.4
"2020-07-31T13:20:13.000Z","thermometer","temperature_min","°C",38.06
"2020-07-31T13:25:14.000Z","thermometer","temperature_min","°C",38.43
"2020-07-31T13:30:16.000Z","thermometer","temperature_min","°C",38.36
"2020-07-31T13:35:13.000Z","thermometer","temperature_min","°C",38.02
"2020-07-31T13:40:16.000Z","thermometer","temperature_min","°C",37.9
"2020-07-31T13:45:13.000Z","thermometer","temperature_min","°C",37.85
"2020-07-31T13:50:14.000Z","thermometer","temperature_min","°C",37.84
"2020-07-31T13:55:14.000Z","thermometer","temperature_min","°C",37.67
"2020-07-31T14:00:13.000Z","thermometer","temperature_min","°C",37.71
"2020-07-31T14:05:30.000Z","thermometer","temperature_min","°C",37.55
"2020-07-31T14:10:14.000Z","thermometer","temperature_min","°C",37.49
"2020-07-31T14:15:18.000Z","thermometer","temperature_min","°C",37.71
"2020-07-31T14:20:13.000Z","thermometer","temperature_min","°C",37.51
"2020-07-31T14:25:13.000Z","thermometer","temperature_min","°C",37.39
"2020-07-31T14:30:13.000Z","thermometer","temperature_min","°C",37.13
"2020-07-31T14:35:14.000Z","thermometer","temperature_min","°C",37.22
"2020-07-31T14:40:15.000Z","thermometer","temperature_min","°C",37.15
"2020-07-31T14:45:13.000Z","thermometer","temperature_min","°C",37.11
"2020-07-31T14:50:13.000Z","thermometer","temperature_min","°C",36.99
"2020-07-31T14:55:13.000Z","thermometer","temperature_min","°C",36.84
"2020-07-31T15:00:25.000Z","thermometer","temperature_min","°C",36.52
"2020-07-31T15:00:25.000Z","thermometer","temperature_min","°C",36.52
"2020-07-31T15:05:13.000Z","thermometer","temperature_min","°C",36.79
"2020-07-31T15:10:13.000Z","thermometer","temperature_min","°C",36.76
"2020-07-31T15:15:15.000Z","thermometer","temperature_min","°C",36.32
"2020-07-31T15:20:20.000Z","thermometer","temperature_min","°C",36.22
"2020-07-31T15:25:12.000Z","thermometer","temperature_min","°C",36.42
"2020-07-31T15:25:12.000Z","thermometer","temperature_min","°C",36.42
"2020-07-31T15:30:14.000Z","thermometer","temperature_min","°C",36.07
"2020-07-31T15:35:13.000Z","thermometer","temperature_min","°C",35.93
"2020-07-31T15:40:15.000Z","thermometer","temperature_min","°C",35.85
"2020-07-31T15:45:12.000Z","thermometer","temperature_min","°C",35.64
"2020-07-31T15:50:14.000Z","thermometer","temperature_min","°C",35.4
"2020-07-31T15:55:13.000Z","thermometer","temperature_min","°C",35.36
"2020-07-31T16:00:14.000Z","thermometer","temperature_min","°C",35.36
"2020-07-31T16:05:13.000Z","thermometer","temperature_min","°C",35.23
"2020-07-31T16:10:15.000Z","thermometer","temperature_min","°C",35.19
"2020-07-31T16:15:13.000Z","thermometer","temperature_min","°C",35.28
"2020-07-31T16:20:13.000Z","thermometer","temperature_min","°C",35
"2020-07-31T16:25:14.000Z","thermometer","temperature_min","°C",34.8
"2020-07-31T16:30:13.000Z","thermometer","temperature_min","°C",34.77
"2020-07-31T16:35:21.000Z","thermometer","temperature_min","°C",34.48
"2020-07-31T16:40:12.000Z","thermometer","temperature_min","°C",34.4
"2020-07-31T16:45:14.000Z","thermometer","temperature_min","°C",33.8
"2020-07-31T16:50:14.000Z","thermometer","temperature_min","°C",33.6
"2020-07-31T16:55:13.000Z","thermometer","temperature_min","°C",33.29
"2020-07-31T17:00:14.000Z","thermometer","temperature_min","°C",33.08
"2020-07-31T17:05:13.000Z","thermometer","temperature_min","°C",32.88
"2020-07-31T17:10:13.000Z","thermometer","temperature_min","°C",32.75
"2020-07-31T17:15:23.000Z","thermometer","temperature_min","°C",32.43
"2020-07-31T17:20:13.000Z","thermometer","temperature_min","°C",32.48
"2020-07-31T17:25:13.000Z","thermometer","temperature_min","°C",32.19
"2020-07-31T17:30:14.000Z","thermometer","temperature_min","°C",32.28
"2020-07-31T17:35:13.000Z","thermometer","temperature_min","°C",32.4
"2020-07-31T17:40:14.000Z","thermometer","temperature_min","°C",32.05
"2020-07-31T17:45:14.000Z","thermometer","temperature_min","°C",31.03
"2020-07-31T17:50:13.000Z","thermometer","temperature_min","°C",30.56
"2020-07-31T17:55:16.000Z","thermometer","temperature_min","°C",29.66
"2020-07-31T18:00:13.000Z","thermometer","temperature_min","°C",28.68
"2020-07-31T18:05:14.000Z","thermometer","temperature_min","°C",27.88
"2020-07-31T18:10:13.000Z","thermometer","temperature_min","°C",27.44
"2020-07-31T18:15:14.000Z","thermometer","temperature_min","°C",26.75
"2020-07-31T18:20:13.000Z","thermometer","temperature_min","°C",26.21
"2020-07-31T18:25:14.000Z","thermometer","temperature_min","°C",25.64
"2020-07-31T18:30:14.000Z","thermometer","temperature_min","°C",25.29
"2020-07-31T18:35:13.000Z","thermometer","temperature_min","°C",25.04
"2020-07-31T18:40:31.000Z","thermometer","temperature_min","°C",24.85
"2020-07-31T18:45:12.000Z","thermometer","temperature_min","°C",24.63
"2020-07-31T18:50:14.000Z","thermometer","temperature_min","°C",24.58
"2020-07-31T18:55:14.000Z","thermometer","temperature_min","°C",24.76
"2020-07-31T19:00:13.000Z","thermometer","temperature_min","°C",24.61
"2020-07-31T19:05:14.000Z","thermometer","temperature_min","°C",24.48
"2020-07-31T19:10:13.000Z","thermometer","temperature_min","°C",24.56
"2020-07-31T19:15:14.000Z","thermometer","temperature_min","°C",24.34
"2020-07-31T19:20:13.000Z","thermometer","temperature_min","°C",24.07
"2020-07-31T19:25:13.000Z","thermometer","temperature_min","°C",23.91
"2020-07-31T19:30:14.000Z","thermometer","temperature_min","°C",23.57
"2020-07-31T19:35:15.000Z","thermometer","temperature_min","°C",23.38
"2020-07-31T19:40:13.000Z","thermometer","temperature_min","°C",23.36
"2020-07-31T19:45:13.000Z","thermometer","temperature_min","°C",23.64
"2020-07-31T19:50:14.000Z","thermometer","temperature_min","°C",23.86
"2020-07-31T19:55:13.000Z","thermometer","temperature_min","°C",23.7
"2020-07-31T20:00:31.000Z","thermometer","temperature_min","°C",23.86
"2020-07-31T20:05:12.000Z","thermometer","temperature_min","°C",23.74
"2020-07-31T20:10:15.000Z","thermometer","temperature_min","°C",23.47
"2020-07-31T20:15:13.000Z","thermometer","temperature_min","°C",23.22
"2020-07-31T20:20:13.000Z","thermometer","temperature_min","°C",23
"2020-07-31T20:25:14.000Z","thermometer","temperature_min","°C",22.46
"2020-07-31T20:30:13.000Z","thermometer","temperature_min","°C",21.93
"2020-07-31T20:35:14.000Z","thermometer","temperature_min","°C",21.64
"2020-07-31T20:40:14.000Z","thermometer","temperature_min","°C",21.4
"2020-07-31T20:45:13.000Z","thermometer","temperature_min","°C",21.19
"2020-07-31T20:50:13.000Z","thermometer","temperature_min","°C",20.94
"2020-07-31T20:55:14.000Z","thermometer","temperature_min","°C",20.84
"2020-07-31T21:00:14.000Z","thermometer","temperature_min","°C",20.78
"2020-07-31T21:05:13.000Z","thermometer","temperature_min","°C",20.58
"2020-07-31T21:10:14.000Z","thermometer","temperature_min","°C",20.56
"2020-07-31T21:15:14.000Z","thermometer","temperature_min","°C",20.61
"2020-07-31T21:20:13.000Z","thermometer","temperature_min","°C",20.78
"2020-07-31T21:25:13.000Z","thermometer","temperature_min","°C",20.68
"2020-07-31T21:30:14.000Z","thermometer","temperature_min","°C",20.5
"2020-07-31T21:35:14.000Z","thermometer","temperature_min","°C",20.54
"2020-07-31T21:40:13.000Z","thermometer","temperature_min","°C",20.57
"2020-07-31T21:45:13.000Z","thermometer","temperature_min","°C",20.54
"2020-07-31T21:50:15.000Z","thermometer","temperature_min","°C",20.52
"2020-07-31T21:55:14.000Z","thermometer","temperature_min","°C",20.58
"2020-07-31T22:00:12.000Z","thermometer","temperature_min","°C",20.56
"2020-07-31T22:05:14.000Z","thermometer","temperature_min","°C",20.49
"2020-07-31T22:10:13.000Z","thermometer","temperature_min","°C",20.48
"2020-07-31T22:15:31.000Z","thermometer","temperature_min","°C",20.62
"2020-07-31T22:20:12.000Z","thermometer","temperature_min","°C",20.69
"2020-07-31T22:25:15.000Z","thermometer","temperature_min","°C",20.7
"2020-07-31T22:30:14.000Z","thermometer","temperature_min","°C",20.77
"2020-07-31T22:35:12.000Z","thermometer","temperature_min","°C",20.82
"2020-07-31T22:40:14.000Z","thermometer","temperature_min","°C",20.96
"2020-07-31T22:45:13.000Z","thermometer","temperature_min","°C",21.07
"2020-07-31T22:50:14.000Z","thermometer","temperature_min","°C",21.09
"2020-07-31T22:55:14.000Z","thermometer","temperature_min","°C",20.98
"2020-07-31T23:00:13.000Z","thermometer","temperature_min","°C",20.76
"2020-07-31T23:05:13.000Z","thermometer","temperature_min","°C",20.58
"2020-07-31T23:10:14.000Z","thermometer","temperature_min","°C",20.43
"2020-07-31T23:15:14.000Z","thermometer","temperature_min","°C",20.27
"2020-07-31T23:20:13.000Z","thermometer","temperature_min","°C",20.1
"2020-07-31T23:25:14.000Z","thermometer","temperature_min","°C",20
"2020-07-31T23:30:14.000Z","thermometer","temperature_min","°C",19.9
"2020-07-31T23:35:13.000Z","thermometer","temperature_min","°C",19.81
"2020-07-31T23:40:13.000Z","thermometer","temperature_min","°C",19.8
"2020-07-31T23:45:14.000Z","thermometer","temperature_min","°C",19.69
"2020-07-31T23:50:14.000Z","thermometer","temperature_min","°C",19.51
"2020-07-31T23:55:13.000Z","thermometer","temperature_min","°C",19.32